0.000000000000000000e+00
0.000000000000000000e+00
0.000000000000000000e+00
0.000000000000000000e+00
0.000000000000000000e+00
0.000000000000000000e+00
0.000000000000000000e+00
0.000000000000000000e+00
0.000000000000000000e+00
0.000000000000000000e+00
0.000000000000000000e+00
0.000000000000000000e+00
0.000000000000000000e+00
0.000000000000000000e+00
0.000000000000000000e+00
0.000000000000000000e+00
0.000000000000000000e+00
0.000000000000000000e+00
0.000000000000000000e+00
0.000000000000000000e+00
0.000000000000000000e+00
0.000000000000000000e+00
0.000000000000000000e+00
0.000000000000000000e+00
0.000000000000000000e+00
0.000000000000000000e+00
0.000000000000000000e+00
0.000000000000000000e+00
0.000000000000000000e+00
0.000000000000000000e+00
0.000000000000000000e+00
0.000000000000000000e+00
0.000000000000000000e+00
0.000000000000000000e+00
0.000000000000000000e+00
0.000000000000000000e+00
0.000000000000000000e+00
0.000000000000000000e+00
0.000000000000000000e+00
0.000000000000000000e+00
8.660254037844385966e-01
8.660254037844385966e-01
8.660254037844385966e-01
8.660254037844385966e-01
8.660254037844385966e-01
8.660254037844385966e-01
8.660254037844385966e-01
8.660254037844385966e-01
8.660254037844385966e-01
8.660254037844385966e-01
8.660254037844385966e-01
8.660254037844385966e-01
8.660254037844385966e-01
8.660254037844385966e-01
8.660254037844385966e-01
8.660254037844385966e-01
8.660254037844385966e-01
8.660254037844385966e-01
8.660254037844385966e-01
8.660254037844385966e-01
8.660254037844385966e-01
8.660254037844385966e-01
8.660254037844385966e-01
8.660254037844385966e-01
8.660254037844385966e-01
8.660254037844385966e-01
8.660254037844385966e-01
8.660254037844385966e-01
8.660254037844385966e-01
8.660254037844385966e-01
8.660254037844385966e-01
8.660254037844385966e-01
8.660254037844385966e-01
8.660254037844385966e-01
8.660254037844385966e-01
8.660254037844385966e-01
8.660254037844385966e-01
8.660254037844385966e-01
8.660254037844385966e-01
8.660254037844385966e-01
1.732050807568877193e+00
1.732050807568877193e+00
1.732050807568877193e+00
1.732050807568877193e+00
1.732050807568877193e+00
1.732050807568877193e+00
1.732050807568877193e+00
1.732050807568877193e+00
1.732050807568877193e+00
1.732050807568877193e+00
1.732050807568877193e+00
1.732050807568877193e+00
1.732050807568877193e+00
1.732050807568877193e+00
1.732050807568877193e+00
1.732050807568877193e+00
1.732050807568877193e+00
1.732050807568877193e+00
1.732050807568877193e+00
1.732050807568877193e+00
1.732050807568877193e+00
1.732050807568877193e+00
1.732050807568877193e+00
1.732050807568877193e+00
1.732050807568877193e+00
1.732050807568877193e+00
1.732050807568877193e+00
1.732050807568877193e+00
1.732050807568877193e+00
1.732050807568877193e+00
1.732050807568877193e+00
1.732050807568877193e+00
1.732050807568877193e+00
1.732050807568877193e+00
1.732050807568877193e+00
1.732050807568877193e+00
1.732050807568877193e+00
1.732050807568877193e+00
1.732050807568877193e+00
1.732050807568877193e+00
2.598076211353316012e+00
2.598076211353316012e+00
2.598076211353316012e+00
2.598076211353316012e+00
2.598076211353316012e+00
2.598076211353316012e+00
2.598076211353316012e+00
2.598076211353316012e+00
2.598076211353316012e+00
2.598076211353316012e+00
2.598076211353316012e+00
2.598076211353316012e+00
2.598076211353316012e+00
2.598076211353316012e+00
2.598076211353316012e+00
2.598076211353316012e+00
2.598076211353316012e+00
2.598076211353316012e+00
2.598076211353316012e+00
2.598076211353316012e+00
2.598076211353316012e+00
2.598076211353316012e+00
2.598076211353316012e+00
2.598076211353316012e+00
2.598076211353316012e+00
2.598076211353316012e+00
2.598076211353316012e+00
2.598076211353316012e+00
2.598076211353316012e+00
2.598076211353316012e+00
2.598076211353316012e+00
2.598076211353316012e+00
2.598076211353316012e+00
2.598076211353316012e+00
2.598076211353316012e+00
2.598076211353316012e+00
2.598076211353316012e+00
2.598076211353316012e+00
2.598076211353316012e+00
2.598076211353316012e+00
3.464101615137754386e+00
3.464101615137754386e+00
3.464101615137754386e+00
3.464101615137754386e+00
3.464101615137754386e+00
3.464101615137754386e+00
3.464101615137754386e+00
3.464101615137754386e+00
3.464101615137754386e+00
3.464101615137754386e+00
3.464101615137754386e+00
3.464101615137754386e+00
3.464101615137754386e+00
3.464101615137754386e+00
3.464101615137754386e+00
3.464101615137754386e+00
3.464101615137754386e+00
3.464101615137754386e+00
3.464101615137754386e+00
3.464101615137754386e+00
3.464101615137754386e+00
3.464101615137754386e+00
3.464101615137754386e+00
3.464101615137754386e+00
3.464101615137754386e+00
3.464101615137754386e+00
3.464101615137754386e+00
3.464101615137754386e+00
3.464101615137754386e+00
3.464101615137754386e+00
3.464101615137754386e+00
3.464101615137754386e+00
3.464101615137754386e+00
3.464101615137754386e+00
3.464101615137754386e+00
3.464101615137754386e+00
3.464101615137754386e+00
3.464101615137754386e+00
3.464101615137754386e+00
3.464101615137754386e+00
4.330127018922192761e+00
4.330127018922192761e+00
4.330127018922192761e+00
4.330127018922192761e+00
4.330127018922192761e+00
4.330127018922192761e+00
4.330127018922192761e+00
4.330127018922192761e+00
4.330127018922192761e+00
4.330127018922192761e+00
4.330127018922192761e+00
4.330127018922192761e+00
4.330127018922192761e+00
4.330127018922192761e+00
4.330127018922192761e+00
4.330127018922192761e+00
4.330127018922192761e+00
4.330127018922192761e+00
4.330127018922192761e+00
4.330127018922192761e+00
4.330127018922192761e+00
4.330127018922192761e+00
4.330127018922192761e+00
4.330127018922192761e+00
4.330127018922192761e+00
4.330127018922192761e+00
4.330127018922192761e+00
4.330127018922192761e+00
4.330127018922192761e+00
4.330127018922192761e+00
4.330127018922192761e+00
4.330127018922192761e+00
4.330127018922192761e+00
4.330127018922192761e+00
4.330127018922192761e+00
4.330127018922192761e+00
4.330127018922192761e+00
4.330127018922192761e+00
4.330127018922192761e+00
4.330127018922192761e+00
5.196152422706632024e+00
5.196152422706632024e+00
5.196152422706632024e+00
5.196152422706632024e+00
5.196152422706632024e+00
5.196152422706632024e+00
5.196152422706632024e+00
5.196152422706632024e+00
5.196152422706632024e+00
5.196152422706632024e+00
5.196152422706632024e+00
5.196152422706632024e+00
5.196152422706632024e+00
5.196152422706632024e+00
5.196152422706632024e+00
5.196152422706632024e+00
5.196152422706632024e+00
5.196152422706632024e+00
5.196152422706632024e+00
5.196152422706632024e+00
5.196152422706632024e+00
5.196152422706632024e+00
5.196152422706632024e+00
5.196152422706632024e+00
5.196152422706632024e+00
5.196152422706632024e+00
5.196152422706632024e+00
5.196152422706632024e+00
5.196152422706632024e+00
5.196152422706632024e+00
5.196152422706632024e+00
5.196152422706632024e+00
5.196152422706632024e+00
5.196152422706632024e+00
5.196152422706632024e+00
5.196152422706632024e+00
5.196152422706632024e+00
5.196152422706632024e+00
5.196152422706632024e+00
5.196152422706632024e+00
6.062177826491070398e+00
6.062177826491070398e+00
6.062177826491070398e+00
6.062177826491070398e+00
6.062177826491070398e+00
6.062177826491070398e+00
6.062177826491070398e+00
6.062177826491070398e+00
6.062177826491070398e+00
6.062177826491070398e+00
6.062177826491070398e+00
6.062177826491070398e+00
6.062177826491070398e+00
6.062177826491070398e+00
6.062177826491070398e+00
6.062177826491070398e+00
6.062177826491070398e+00
6.062177826491070398e+00
6.062177826491070398e+00
6.062177826491070398e+00
6.062177826491070398e+00
6.062177826491070398e+00
6.062177826491070398e+00
6.062177826491070398e+00
6.062177826491070398e+00
6.062177826491070398e+00
6.062177826491070398e+00
6.062177826491070398e+00
6.062177826491070398e+00
6.062177826491070398e+00
6.062177826491070398e+00
6.062177826491070398e+00
6.062177826491070398e+00
6.062177826491070398e+00
6.062177826491070398e+00
6.062177826491070398e+00
6.062177826491070398e+00
6.062177826491070398e+00
6.062177826491070398e+00
6.062177826491070398e+00
6.928203230275508773e+00
6.928203230275508773e+00
6.928203230275508773e+00
6.928203230275508773e+00
6.928203230275508773e+00
6.928203230275508773e+00
6.928203230275508773e+00
6.928203230275508773e+00
6.928203230275508773e+00
6.928203230275508773e+00
6.928203230275508773e+00
6.928203230275508773e+00
6.928203230275508773e+00
6.928203230275508773e+00
6.928203230275508773e+00
6.928203230275508773e+00
6.928203230275508773e+00
6.928203230275508773e+00
6.928203230275508773e+00
6.928203230275508773e+00
6.928203230275508773e+00
6.928203230275508773e+00
6.928203230275508773e+00
6.928203230275508773e+00
6.928203230275508773e+00
6.928203230275508773e+00
6.928203230275508773e+00
6.928203230275508773e+00
6.928203230275508773e+00
6.928203230275508773e+00
6.928203230275508773e+00
6.928203230275508773e+00
6.928203230275508773e+00
6.928203230275508773e+00
6.928203230275508773e+00
6.928203230275508773e+00
6.928203230275508773e+00
6.928203230275508773e+00
6.928203230275508773e+00
6.928203230275508773e+00
7.794228634059947147e+00
7.794228634059947147e+00
7.794228634059947147e+00
7.794228634059947147e+00
7.794228634059947147e+00
7.794228634059947147e+00
7.794228634059947147e+00
7.794228634059947147e+00
7.794228634059947147e+00
7.794228634059947147e+00
7.794228634059947147e+00
7.794228634059947147e+00
7.794228634059947147e+00
7.794228634059947147e+00
7.794228634059947147e+00
7.794228634059947147e+00
7.794228634059947147e+00
7.794228634059947147e+00
7.794228634059947147e+00
7.794228634059947147e+00
7.794228634059947147e+00
7.794228634059947147e+00
7.794228634059947147e+00
7.794228634059947147e+00
7.794228634059947147e+00
7.794228634059947147e+00
7.794228634059947147e+00
7.794228634059947147e+00
7.794228634059947147e+00
7.794228634059947147e+00
7.794228634059947147e+00
7.794228634059947147e+00
7.794228634059947147e+00
7.794228634059947147e+00
7.794228634059947147e+00
7.794228634059947147e+00
7.794228634059947147e+00
7.794228634059947147e+00
7.794228634059947147e+00
7.794228634059947147e+00
8.660254037844385522e+00
8.660254037844385522e+00
8.660254037844385522e+00
8.660254037844385522e+00
8.660254037844385522e+00
8.660254037844385522e+00
8.660254037844385522e+00
8.660254037844385522e+00
8.660254037844385522e+00
8.660254037844385522e+00
8.660254037844385522e+00
8.660254037844385522e+00
8.660254037844385522e+00
8.660254037844385522e+00
8.660254037844385522e+00
8.660254037844385522e+00
8.660254037844385522e+00
8.660254037844385522e+00
8.660254037844385522e+00
8.660254037844385522e+00
8.660254037844385522e+00
8.660254037844385522e+00
8.660254037844385522e+00
8.660254037844385522e+00
8.660254037844385522e+00
8.660254037844385522e+00
8.660254037844385522e+00
8.660254037844385522e+00
8.660254037844385522e+00
8.660254037844385522e+00
8.660254037844385522e+00
8.660254037844385522e+00
8.660254037844385522e+00
8.660254037844385522e+00
8.660254037844385522e+00
8.660254037844385522e+00
8.660254037844385522e+00
8.660254037844385522e+00
8.660254037844385522e+00
8.660254037844385522e+00
9.526279441628824785e+00
9.526279441628824785e+00
9.526279441628824785e+00
9.526279441628824785e+00
9.526279441628824785e+00
9.526279441628824785e+00
9.526279441628824785e+00
9.526279441628824785e+00
9.526279441628824785e+00
9.526279441628824785e+00
9.526279441628824785e+00
9.526279441628824785e+00
9.526279441628824785e+00
9.526279441628824785e+00
9.526279441628824785e+00
9.526279441628824785e+00
9.526279441628824785e+00
9.526279441628824785e+00
9.526279441628824785e+00
9.526279441628824785e+00
9.526279441628824785e+00
9.526279441628824785e+00
9.526279441628824785e+00
9.526279441628824785e+00
9.526279441628824785e+00
9.526279441628824785e+00
9.526279441628824785e+00
9.526279441628824785e+00
9.526279441628824785e+00
9.526279441628824785e+00
9.526279441628824785e+00
9.526279441628824785e+00
9.526279441628824785e+00
9.526279441628824785e+00
9.526279441628824785e+00
9.526279441628824785e+00
9.526279441628824785e+00
9.526279441628824785e+00
9.526279441628824785e+00
9.526279441628824785e+00
1.039230484541326405e+01
1.039230484541326405e+01
1.039230484541326405e+01
1.039230484541326405e+01
1.039230484541326405e+01
1.039230484541326405e+01
1.039230484541326405e+01
1.039230484541326405e+01
1.039230484541326405e+01
1.039230484541326405e+01
1.039230484541326405e+01
1.039230484541326405e+01
1.039230484541326405e+01
1.039230484541326405e+01
1.039230484541326405e+01
1.039230484541326405e+01
1.039230484541326405e+01
1.039230484541326405e+01
1.039230484541326405e+01
1.039230484541326405e+01
1.039230484541326405e+01
1.039230484541326405e+01
1.039230484541326405e+01
1.039230484541326405e+01
1.039230484541326405e+01
1.039230484541326405e+01
1.039230484541326405e+01
1.039230484541326405e+01
1.039230484541326405e+01
1.039230484541326405e+01
1.039230484541326405e+01
1.039230484541326405e+01
1.039230484541326405e+01
1.039230484541326405e+01
1.039230484541326405e+01
1.039230484541326405e+01
1.039230484541326405e+01
1.039230484541326405e+01
1.039230484541326405e+01
1.039230484541326405e+01
1.125833024919770153e+01
1.125833024919770153e+01
1.125833024919770153e+01
1.125833024919770153e+01
1.125833024919770153e+01
1.125833024919770153e+01
1.125833024919770153e+01
1.125833024919770153e+01
1.125833024919770153e+01
1.125833024919770153e+01
1.125833024919770153e+01
1.125833024919770153e+01
1.125833024919770153e+01
1.125833024919770153e+01
1.125833024919770153e+01
1.125833024919770153e+01
1.125833024919770153e+01
1.125833024919770153e+01
1.125833024919770153e+01
1.125833024919770153e+01
1.125833024919770153e+01
1.125833024919770153e+01
1.125833024919770153e+01
1.125833024919770153e+01
1.125833024919770153e+01
1.125833024919770153e+01
1.125833024919770153e+01
1.125833024919770153e+01
1.125833024919770153e+01
1.125833024919770153e+01
1.125833024919770153e+01
1.125833024919770153e+01
1.125833024919770153e+01
1.125833024919770153e+01
1.125833024919770153e+01
1.125833024919770153e+01
1.125833024919770153e+01
1.125833024919770153e+01
1.125833024919770153e+01
1.125833024919770153e+01
1.212435565298214080e+01
1.212435565298214080e+01
1.212435565298214080e+01
1.212435565298214080e+01
1.212435565298214080e+01
1.212435565298214080e+01
1.212435565298214080e+01
1.212435565298214080e+01
1.212435565298214080e+01
1.212435565298214080e+01
1.212435565298214080e+01
1.212435565298214080e+01
1.212435565298214080e+01
1.212435565298214080e+01
1.212435565298214080e+01
1.212435565298214080e+01
1.212435565298214080e+01
1.212435565298214080e+01
1.212435565298214080e+01
1.212435565298214080e+01
1.212435565298214080e+01
1.212435565298214080e+01
1.212435565298214080e+01
1.212435565298214080e+01
1.212435565298214080e+01
1.212435565298214080e+01
1.212435565298214080e+01
1.212435565298214080e+01
1.212435565298214080e+01
1.212435565298214080e+01
1.212435565298214080e+01
1.212435565298214080e+01
1.212435565298214080e+01
1.212435565298214080e+01
1.212435565298214080e+01
1.212435565298214080e+01
1.212435565298214080e+01
1.212435565298214080e+01
1.212435565298214080e+01
1.212435565298214080e+01
1.299038105676657828e+01
1.299038105676657828e+01
1.299038105676657828e+01
1.299038105676657828e+01
1.299038105676657828e+01
1.299038105676657828e+01
1.299038105676657828e+01
1.299038105676657828e+01
1.299038105676657828e+01
1.299038105676657828e+01
1.299038105676657828e+01
1.299038105676657828e+01
1.299038105676657828e+01
1.299038105676657828e+01
1.299038105676657828e+01
1.299038105676657828e+01
1.299038105676657828e+01
1.299038105676657828e+01
1.299038105676657828e+01
1.299038105676657828e+01
1.299038105676657828e+01
1.299038105676657828e+01
1.299038105676657828e+01
1.299038105676657828e+01
1.299038105676657828e+01
1.299038105676657828e+01
1.299038105676657828e+01
1.299038105676657828e+01
1.299038105676657828e+01
1.299038105676657828e+01
1.299038105676657828e+01
1.299038105676657828e+01
1.299038105676657828e+01
1.299038105676657828e+01
1.299038105676657828e+01
1.299038105676657828e+01
1.299038105676657828e+01
1.299038105676657828e+01
1.299038105676657828e+01
1.299038105676657828e+01
1.385640646055101755e+01
1.385640646055101755e+01
1.385640646055101755e+01
1.385640646055101755e+01
1.385640646055101755e+01
1.385640646055101755e+01
1.385640646055101755e+01
1.385640646055101755e+01
1.385640646055101755e+01
1.385640646055101755e+01
1.385640646055101755e+01
1.385640646055101755e+01
1.385640646055101755e+01
1.385640646055101755e+01
1.385640646055101755e+01
1.385640646055101755e+01
1.385640646055101755e+01
1.385640646055101755e+01
1.385640646055101755e+01
1.385640646055101755e+01
1.385640646055101755e+01
1.385640646055101755e+01
1.385640646055101755e+01
1.385640646055101755e+01
1.385640646055101755e+01
1.385640646055101755e+01
1.385640646055101755e+01
1.385640646055101755e+01
1.385640646055101755e+01
1.385640646055101755e+01
1.385640646055101755e+01
1.385640646055101755e+01
1.385640646055101755e+01
1.385640646055101755e+01
1.385640646055101755e+01
1.385640646055101755e+01
1.385640646055101755e+01
1.385640646055101755e+01
1.385640646055101755e+01
1.385640646055101755e+01
1.472243186433545681e+01
1.472243186433545681e+01
1.472243186433545681e+01
1.472243186433545681e+01
1.472243186433545681e+01
1.472243186433545681e+01
1.472243186433545681e+01
1.472243186433545681e+01
1.472243186433545681e+01
1.472243186433545681e+01
1.472243186433545681e+01
1.472243186433545681e+01
1.472243186433545681e+01
1.472243186433545681e+01
1.472243186433545681e+01
1.472243186433545681e+01
1.472243186433545681e+01
1.472243186433545681e+01
1.472243186433545681e+01
1.472243186433545681e+01
1.472243186433545681e+01
1.472243186433545681e+01
1.472243186433545681e+01
1.472243186433545681e+01
1.472243186433545681e+01
1.472243186433545681e+01
1.472243186433545681e+01
1.472243186433545681e+01
1.472243186433545681e+01
1.472243186433545681e+01
1.472243186433545681e+01
1.472243186433545681e+01
1.472243186433545681e+01
1.472243186433545681e+01
1.472243186433545681e+01
1.472243186433545681e+01
1.472243186433545681e+01
1.472243186433545681e+01
1.472243186433545681e+01
1.472243186433545681e+01
1.558845726811989429e+01
1.558845726811989429e+01
1.558845726811989429e+01
1.558845726811989429e+01
1.558845726811989429e+01
1.558845726811989429e+01
1.558845726811989429e+01
1.558845726811989429e+01
1.558845726811989429e+01
1.558845726811989429e+01
1.558845726811989429e+01
1.558845726811989429e+01
1.558845726811989429e+01
1.558845726811989429e+01
1.558845726811989429e+01
1.558845726811989429e+01
1.558845726811989429e+01
1.558845726811989429e+01
1.558845726811989429e+01
1.558845726811989429e+01
1.558845726811989429e+01
1.558845726811989429e+01
1.558845726811989429e+01
1.558845726811989429e+01
1.558845726811989429e+01
1.558845726811989429e+01
1.558845726811989429e+01
1.558845726811989429e+01
1.558845726811989429e+01
1.558845726811989429e+01
1.558845726811989429e+01
1.558845726811989429e+01
1.558845726811989429e+01
1.558845726811989429e+01
1.558845726811989429e+01
1.558845726811989429e+01
1.558845726811989429e+01
1.558845726811989429e+01
1.558845726811989429e+01
1.558845726811989429e+01
1.645448267190433356e+01
1.645448267190433356e+01
1.645448267190433356e+01
1.645448267190433356e+01
1.645448267190433356e+01
1.645448267190433356e+01
1.645448267190433356e+01
1.645448267190433356e+01
1.645448267190433356e+01
1.645448267190433356e+01
1.645448267190433356e+01
1.645448267190433356e+01
1.645448267190433356e+01
1.645448267190433356e+01
1.645448267190433356e+01
1.645448267190433356e+01
1.645448267190433356e+01
1.645448267190433356e+01
1.645448267190433356e+01
1.645448267190433356e+01
1.645448267190433356e+01
1.645448267190433356e+01
1.645448267190433356e+01
1.645448267190433356e+01
1.645448267190433356e+01
1.645448267190433356e+01
1.645448267190433356e+01
1.645448267190433356e+01
1.645448267190433356e+01
1.645448267190433356e+01
1.645448267190433356e+01
1.645448267190433356e+01
1.645448267190433356e+01
1.645448267190433356e+01
1.645448267190433356e+01
1.645448267190433356e+01
1.645448267190433356e+01
1.645448267190433356e+01
1.645448267190433356e+01
1.645448267190433356e+01
1.732050807568877104e+01
1.732050807568877104e+01
1.732050807568877104e+01
1.732050807568877104e+01
1.732050807568877104e+01
1.732050807568877104e+01
1.732050807568877104e+01
1.732050807568877104e+01
1.732050807568877104e+01
1.732050807568877104e+01
1.732050807568877104e+01
1.732050807568877104e+01
1.732050807568877104e+01
1.732050807568877104e+01
1.732050807568877104e+01
1.732050807568877104e+01
1.732050807568877104e+01
1.732050807568877104e+01
1.732050807568877104e+01
1.732050807568877104e+01
1.732050807568877104e+01
1.732050807568877104e+01
1.732050807568877104e+01
1.732050807568877104e+01
1.732050807568877104e+01
1.732050807568877104e+01
1.732050807568877104e+01
1.732050807568877104e+01
1.732050807568877104e+01
1.732050807568877104e+01
1.732050807568877104e+01
1.732050807568877104e+01
1.732050807568877104e+01
1.732050807568877104e+01
1.732050807568877104e+01
1.732050807568877104e+01
1.732050807568877104e+01
1.732050807568877104e+01
1.732050807568877104e+01
1.732050807568877104e+01
1.818653347947321208e+01
1.818653347947321208e+01
1.818653347947321208e+01
1.818653347947321208e+01
1.818653347947321208e+01
1.818653347947321208e+01
1.818653347947321208e+01
1.818653347947321208e+01
1.818653347947321208e+01
1.818653347947321208e+01
1.818653347947321208e+01
1.818653347947321208e+01
1.818653347947321208e+01
1.818653347947321208e+01
1.818653347947321208e+01
1.818653347947321208e+01
1.818653347947321208e+01
1.818653347947321208e+01
1.818653347947321208e+01
1.818653347947321208e+01
1.818653347947321208e+01
1.818653347947321208e+01
1.818653347947321208e+01
1.818653347947321208e+01
1.818653347947321208e+01
1.818653347947321208e+01
1.818653347947321208e+01
1.818653347947321208e+01
1.818653347947321208e+01
1.818653347947321208e+01
1.818653347947321208e+01
1.818653347947321208e+01
1.818653347947321208e+01
1.818653347947321208e+01
1.818653347947321208e+01
1.818653347947321208e+01
1.818653347947321208e+01
1.818653347947321208e+01
1.818653347947321208e+01
1.818653347947321208e+01
1.905255888325764957e+01
1.905255888325764957e+01
1.905255888325764957e+01
1.905255888325764957e+01
1.905255888325764957e+01
1.905255888325764957e+01
1.905255888325764957e+01
1.905255888325764957e+01
1.905255888325764957e+01
1.905255888325764957e+01
1.905255888325764957e+01
1.905255888325764957e+01
1.905255888325764957e+01
1.905255888325764957e+01
1.905255888325764957e+01
1.905255888325764957e+01
1.905255888325764957e+01
1.905255888325764957e+01
1.905255888325764957e+01
1.905255888325764957e+01
1.905255888325764957e+01
1.905255888325764957e+01
1.905255888325764957e+01
1.905255888325764957e+01
1.905255888325764957e+01
1.905255888325764957e+01
1.905255888325764957e+01
1.905255888325764957e+01
1.905255888325764957e+01
1.905255888325764957e+01
1.905255888325764957e+01
1.905255888325764957e+01
1.905255888325764957e+01
1.905255888325764957e+01
1.905255888325764957e+01
1.905255888325764957e+01
1.905255888325764957e+01
1.905255888325764957e+01
1.905255888325764957e+01
1.905255888325764957e+01
1.991858428704208706e+01
1.991858428704208706e+01
1.991858428704208706e+01
1.991858428704208706e+01
1.991858428704208706e+01
1.991858428704208706e+01
1.991858428704208706e+01
1.991858428704208706e+01
1.991858428704208706e+01
1.991858428704208706e+01
1.991858428704208706e+01
1.991858428704208706e+01
1.991858428704208706e+01
1.991858428704208706e+01
1.991858428704208706e+01
1.991858428704208706e+01
1.991858428704208706e+01
1.991858428704208706e+01
1.991858428704208706e+01
1.991858428704208706e+01
1.991858428704208706e+01
1.991858428704208706e+01
1.991858428704208706e+01
1.991858428704208706e+01
1.991858428704208706e+01
1.991858428704208706e+01
1.991858428704208706e+01
1.991858428704208706e+01
1.991858428704208706e+01
1.991858428704208706e+01
1.991858428704208706e+01
1.991858428704208706e+01
1.991858428704208706e+01
1.991858428704208706e+01
1.991858428704208706e+01
1.991858428704208706e+01
1.991858428704208706e+01
1.991858428704208706e+01
1.991858428704208706e+01
1.991858428704208706e+01
2.078460969082652809e+01
2.078460969082652809e+01
2.078460969082652809e+01
2.078460969082652809e+01
2.078460969082652809e+01
2.078460969082652809e+01
2.078460969082652809e+01
2.078460969082652809e+01
2.078460969082652809e+01
2.078460969082652809e+01
2.078460969082652809e+01
2.078460969082652809e+01
2.078460969082652809e+01
2.078460969082652809e+01
2.078460969082652809e+01
2.078460969082652809e+01
2.078460969082652809e+01
2.078460969082652809e+01
2.078460969082652809e+01
2.078460969082652809e+01
2.078460969082652809e+01
2.078460969082652809e+01
2.078460969082652809e+01
2.078460969082652809e+01
2.078460969082652809e+01
2.078460969082652809e+01
2.078460969082652809e+01
2.078460969082652809e+01
2.078460969082652809e+01
2.078460969082652809e+01
2.078460969082652809e+01
2.078460969082652809e+01
2.078460969082652809e+01
2.078460969082652809e+01
2.078460969082652809e+01
2.078460969082652809e+01
2.078460969082652809e+01
2.078460969082652809e+01
2.078460969082652809e+01
2.078460969082652809e+01
2.165063509461096558e+01
2.165063509461096558e+01
2.165063509461096558e+01
2.165063509461096558e+01
2.165063509461096558e+01
2.165063509461096558e+01
2.165063509461096558e+01
2.165063509461096558e+01
2.165063509461096558e+01
2.165063509461096558e+01
2.165063509461096558e+01
2.165063509461096558e+01
2.165063509461096558e+01
2.165063509461096558e+01
2.165063509461096558e+01
2.165063509461096558e+01
2.165063509461096558e+01
2.165063509461096558e+01
2.165063509461096558e+01
2.165063509461096558e+01
2.165063509461096558e+01
2.165063509461096558e+01
2.165063509461096558e+01
2.165063509461096558e+01
2.165063509461096558e+01
2.165063509461096558e+01
2.165063509461096558e+01
2.165063509461096558e+01
2.165063509461096558e+01
2.165063509461096558e+01
2.165063509461096558e+01
2.165063509461096558e+01
2.165063509461096558e+01
2.165063509461096558e+01
2.165063509461096558e+01
2.165063509461096558e+01
2.165063509461096558e+01
2.165063509461096558e+01
2.165063509461096558e+01
2.165063509461096558e+01
2.251666049839540307e+01
2.251666049839540307e+01
2.251666049839540307e+01
2.251666049839540307e+01
2.251666049839540307e+01
2.251666049839540307e+01
2.251666049839540307e+01
2.251666049839540307e+01
2.251666049839540307e+01
2.251666049839540307e+01
2.251666049839540307e+01
2.251666049839540307e+01
2.251666049839540307e+01
2.251666049839540307e+01
2.251666049839540307e+01
2.251666049839540307e+01
2.251666049839540307e+01
2.251666049839540307e+01
2.251666049839540307e+01
2.251666049839540307e+01
2.251666049839540307e+01
2.251666049839540307e+01
2.251666049839540307e+01
2.251666049839540307e+01
2.251666049839540307e+01
2.251666049839540307e+01
2.251666049839540307e+01
2.251666049839540307e+01
2.251666049839540307e+01
2.251666049839540307e+01
2.251666049839540307e+01
2.251666049839540307e+01
2.251666049839540307e+01
2.251666049839540307e+01
2.251666049839540307e+01
2.251666049839540307e+01
2.251666049839540307e+01
2.251666049839540307e+01
2.251666049839540307e+01
2.251666049839540307e+01
2.338268590217984055e+01
2.338268590217984055e+01
2.338268590217984055e+01
2.338268590217984055e+01
2.338268590217984055e+01
2.338268590217984055e+01
2.338268590217984055e+01
2.338268590217984055e+01
2.338268590217984055e+01
2.338268590217984055e+01
2.338268590217984055e+01
2.338268590217984055e+01
2.338268590217984055e+01
2.338268590217984055e+01
2.338268590217984055e+01
2.338268590217984055e+01
2.338268590217984055e+01
2.338268590217984055e+01
2.338268590217984055e+01
2.338268590217984055e+01
2.338268590217984055e+01
2.338268590217984055e+01
2.338268590217984055e+01
2.338268590217984055e+01
2.338268590217984055e+01
2.338268590217984055e+01
2.338268590217984055e+01
2.338268590217984055e+01
2.338268590217984055e+01
2.338268590217984055e+01
2.338268590217984055e+01
2.338268590217984055e+01
2.338268590217984055e+01
2.338268590217984055e+01
2.338268590217984055e+01
2.338268590217984055e+01
2.338268590217984055e+01
2.338268590217984055e+01
2.338268590217984055e+01
2.338268590217984055e+01
2.424871130596428159e+01
2.424871130596428159e+01
2.424871130596428159e+01
2.424871130596428159e+01
2.424871130596428159e+01
2.424871130596428159e+01
2.424871130596428159e+01
2.424871130596428159e+01
2.424871130596428159e+01
2.424871130596428159e+01
2.424871130596428159e+01
2.424871130596428159e+01
2.424871130596428159e+01
2.424871130596428159e+01
2.424871130596428159e+01
2.424871130596428159e+01
2.424871130596428159e+01
2.424871130596428159e+01
2.424871130596428159e+01
2.424871130596428159e+01
2.424871130596428159e+01
2.424871130596428159e+01
2.424871130596428159e+01
2.424871130596428159e+01
2.424871130596428159e+01
2.424871130596428159e+01
2.424871130596428159e+01
2.424871130596428159e+01
2.424871130596428159e+01
2.424871130596428159e+01
2.424871130596428159e+01
2.424871130596428159e+01
2.424871130596428159e+01
2.424871130596428159e+01
2.424871130596428159e+01
2.424871130596428159e+01
2.424871130596428159e+01
2.424871130596428159e+01
2.424871130596428159e+01
2.424871130596428159e+01
2.511473670974871908e+01
2.511473670974871908e+01
2.511473670974871908e+01
2.511473670974871908e+01
2.511473670974871908e+01
2.511473670974871908e+01
2.511473670974871908e+01
2.511473670974871908e+01
2.511473670974871908e+01
2.511473670974871908e+01
2.511473670974871908e+01
2.511473670974871908e+01
2.511473670974871908e+01
2.511473670974871908e+01
2.511473670974871908e+01
2.511473670974871908e+01
2.511473670974871908e+01
2.511473670974871908e+01
2.511473670974871908e+01
2.511473670974871908e+01
2.511473670974871908e+01
2.511473670974871908e+01
2.511473670974871908e+01
2.511473670974871908e+01
2.511473670974871908e+01
2.511473670974871908e+01
2.511473670974871908e+01
2.511473670974871908e+01
2.511473670974871908e+01
2.511473670974871908e+01
2.511473670974871908e+01
2.511473670974871908e+01
2.511473670974871908e+01
2.511473670974871908e+01
2.511473670974871908e+01
2.511473670974871908e+01
2.511473670974871908e+01
2.511473670974871908e+01
2.511473670974871908e+01
2.511473670974871908e+01
2.598076211353315657e+01
2.598076211353315657e+01
2.598076211353315657e+01
2.598076211353315657e+01
2.598076211353315657e+01
2.598076211353315657e+01
2.598076211353315657e+01
2.598076211353315657e+01
2.598076211353315657e+01
2.598076211353315657e+01
2.598076211353315657e+01
2.598076211353315657e+01
2.598076211353315657e+01
2.598076211353315657e+01
2.598076211353315657e+01
2.598076211353315657e+01
2.598076211353315657e+01
2.598076211353315657e+01
2.598076211353315657e+01
2.598076211353315657e+01
2.598076211353315657e+01
2.598076211353315657e+01
2.598076211353315657e+01
2.598076211353315657e+01
2.598076211353315657e+01
2.598076211353315657e+01
2.598076211353315657e+01
2.598076211353315657e+01
2.598076211353315657e+01
2.598076211353315657e+01
2.598076211353315657e+01
2.598076211353315657e+01
2.598076211353315657e+01
2.598076211353315657e+01
2.598076211353315657e+01
2.598076211353315657e+01
2.598076211353315657e+01
2.598076211353315657e+01
2.598076211353315657e+01
2.598076211353315657e+01
2.684678751731759760e+01
2.684678751731759760e+01
2.684678751731759760e+01
2.684678751731759760e+01
2.684678751731759760e+01
2.684678751731759760e+01
2.684678751731759760e+01
2.684678751731759760e+01
2.684678751731759760e+01
2.684678751731759760e+01
2.684678751731759760e+01
2.684678751731759760e+01
2.684678751731759760e+01
2.684678751731759760e+01
2.684678751731759760e+01
2.684678751731759760e+01
2.684678751731759760e+01
2.684678751731759760e+01
2.684678751731759760e+01
2.684678751731759760e+01
2.684678751731759760e+01
2.684678751731759760e+01
2.684678751731759760e+01
2.684678751731759760e+01
2.684678751731759760e+01
2.684678751731759760e+01
2.684678751731759760e+01
2.684678751731759760e+01
2.684678751731759760e+01
2.684678751731759760e+01
2.684678751731759760e+01
2.684678751731759760e+01
2.684678751731759760e+01
2.684678751731759760e+01
2.684678751731759760e+01
2.684678751731759760e+01
2.684678751731759760e+01
2.684678751731759760e+01
2.684678751731759760e+01
2.684678751731759760e+01
2.771281292110203509e+01
2.771281292110203509e+01
2.771281292110203509e+01
2.771281292110203509e+01
2.771281292110203509e+01
2.771281292110203509e+01
2.771281292110203509e+01
2.771281292110203509e+01
2.771281292110203509e+01
2.771281292110203509e+01
2.771281292110203509e+01
2.771281292110203509e+01
2.771281292110203509e+01
2.771281292110203509e+01
2.771281292110203509e+01
2.771281292110203509e+01
2.771281292110203509e+01
2.771281292110203509e+01
2.771281292110203509e+01
2.771281292110203509e+01
2.771281292110203509e+01
2.771281292110203509e+01
2.771281292110203509e+01
2.771281292110203509e+01
2.771281292110203509e+01
2.771281292110203509e+01
2.771281292110203509e+01
2.771281292110203509e+01
2.771281292110203509e+01
2.771281292110203509e+01
2.771281292110203509e+01
2.771281292110203509e+01
2.771281292110203509e+01
2.771281292110203509e+01
2.771281292110203509e+01
2.771281292110203509e+01
2.771281292110203509e+01
2.771281292110203509e+01
2.771281292110203509e+01
2.771281292110203509e+01
2.857883832488647258e+01
2.857883832488647258e+01
2.857883832488647258e+01
2.857883832488647258e+01
2.857883832488647258e+01
2.857883832488647258e+01
2.857883832488647258e+01
2.857883832488647258e+01
2.857883832488647258e+01
2.857883832488647258e+01
2.857883832488647258e+01
2.857883832488647258e+01
2.857883832488647258e+01
2.857883832488647258e+01
2.857883832488647258e+01
2.857883832488647258e+01
2.857883832488647258e+01
2.857883832488647258e+01
2.857883832488647258e+01
2.857883832488647258e+01
2.857883832488647258e+01
2.857883832488647258e+01
2.857883832488647258e+01
2.857883832488647258e+01
2.857883832488647258e+01
2.857883832488647258e+01
2.857883832488647258e+01
2.857883832488647258e+01
2.857883832488647258e+01
2.857883832488647258e+01
2.857883832488647258e+01
2.857883832488647258e+01
2.857883832488647258e+01
2.857883832488647258e+01
2.857883832488647258e+01
2.857883832488647258e+01
2.857883832488647258e+01
2.857883832488647258e+01
2.857883832488647258e+01
2.857883832488647258e+01
2.944486372867091362e+01
2.944486372867091362e+01
2.944486372867091362e+01
2.944486372867091362e+01
2.944486372867091362e+01
2.944486372867091362e+01
2.944486372867091362e+01
2.944486372867091362e+01
2.944486372867091362e+01
2.944486372867091362e+01
2.944486372867091362e+01
2.944486372867091362e+01
2.944486372867091362e+01
2.944486372867091362e+01
2.944486372867091362e+01
2.944486372867091362e+01
2.944486372867091362e+01
2.944486372867091362e+01
2.944486372867091362e+01
2.944486372867091362e+01
2.944486372867091362e+01
2.944486372867091362e+01
2.944486372867091362e+01
2.944486372867091362e+01
2.944486372867091362e+01
2.944486372867091362e+01
2.944486372867091362e+01
2.944486372867091362e+01
2.944486372867091362e+01
2.944486372867091362e+01
2.944486372867091362e+01
2.944486372867091362e+01
2.944486372867091362e+01
2.944486372867091362e+01
2.944486372867091362e+01
2.944486372867091362e+01
2.944486372867091362e+01
2.944486372867091362e+01
2.944486372867091362e+01
2.944486372867091362e+01
3.031088913245535110e+01
3.031088913245535110e+01
3.031088913245535110e+01
3.031088913245535110e+01
3.031088913245535110e+01
3.031088913245535110e+01
3.031088913245535110e+01
3.031088913245535110e+01
3.031088913245535110e+01
3.031088913245535110e+01
3.031088913245535110e+01
3.031088913245535110e+01
3.031088913245535110e+01
3.031088913245535110e+01
3.031088913245535110e+01
3.031088913245535110e+01
3.031088913245535110e+01
3.031088913245535110e+01
3.031088913245535110e+01
3.031088913245535110e+01
3.031088913245535110e+01
3.031088913245535110e+01
3.031088913245535110e+01
3.031088913245535110e+01
3.031088913245535110e+01
3.031088913245535110e+01
3.031088913245535110e+01
3.031088913245535110e+01
3.031088913245535110e+01
3.031088913245535110e+01
3.031088913245535110e+01
3.031088913245535110e+01
3.031088913245535110e+01
3.031088913245535110e+01
3.031088913245535110e+01
3.031088913245535110e+01
3.031088913245535110e+01
3.031088913245535110e+01
3.031088913245535110e+01
3.031088913245535110e+01
3.117691453623978859e+01
3.117691453623978859e+01
3.117691453623978859e+01
3.117691453623978859e+01
3.117691453623978859e+01
3.117691453623978859e+01
3.117691453623978859e+01
3.117691453623978859e+01
3.117691453623978859e+01
3.117691453623978859e+01
3.117691453623978859e+01
3.117691453623978859e+01
3.117691453623978859e+01
3.117691453623978859e+01
3.117691453623978859e+01
3.117691453623978859e+01
3.117691453623978859e+01
3.117691453623978859e+01
3.117691453623978859e+01
3.117691453623978859e+01
3.117691453623978859e+01
3.117691453623978859e+01
3.117691453623978859e+01
3.117691453623978859e+01
3.117691453623978859e+01
3.117691453623978859e+01
3.117691453623978859e+01
3.117691453623978859e+01
3.117691453623978859e+01
3.117691453623978859e+01
3.117691453623978859e+01
3.117691453623978859e+01
3.117691453623978859e+01
3.117691453623978859e+01
3.117691453623978859e+01
3.117691453623978859e+01
3.117691453623978859e+01
3.117691453623978859e+01
3.117691453623978859e+01
3.117691453623978859e+01
3.204293994002422608e+01
3.204293994002422608e+01
3.204293994002422608e+01
3.204293994002422608e+01
3.204293994002422608e+01
3.204293994002422608e+01
3.204293994002422608e+01
3.204293994002422608e+01
3.204293994002422608e+01
3.204293994002422608e+01
3.204293994002422608e+01
3.204293994002422608e+01
3.204293994002422608e+01
3.204293994002422608e+01
3.204293994002422608e+01
3.204293994002422608e+01
3.204293994002422608e+01
3.204293994002422608e+01
3.204293994002422608e+01
3.204293994002422608e+01
3.204293994002422608e+01
3.204293994002422608e+01
3.204293994002422608e+01
3.204293994002422608e+01
3.204293994002422608e+01
3.204293994002422608e+01
3.204293994002422608e+01
3.204293994002422608e+01
3.204293994002422608e+01
3.204293994002422608e+01
3.204293994002422608e+01
3.204293994002422608e+01
3.204293994002422608e+01
3.204293994002422608e+01
3.204293994002422608e+01
3.204293994002422608e+01
3.204293994002422608e+01
3.204293994002422608e+01
3.204293994002422608e+01
3.204293994002422608e+01
3.290896534380866711e+01
3.290896534380866711e+01
3.290896534380866711e+01
3.290896534380866711e+01
3.290896534380866711e+01
3.290896534380866711e+01
3.290896534380866711e+01
3.290896534380866711e+01
3.290896534380866711e+01
3.290896534380866711e+01
3.290896534380866711e+01
3.290896534380866711e+01
3.290896534380866711e+01
3.290896534380866711e+01
3.290896534380866711e+01
3.290896534380866711e+01
3.290896534380866711e+01
3.290896534380866711e+01
3.290896534380866711e+01
3.290896534380866711e+01
3.290896534380866711e+01
3.290896534380866711e+01
3.290896534380866711e+01
3.290896534380866711e+01
3.290896534380866711e+01
3.290896534380866711e+01
3.290896534380866711e+01
3.290896534380866711e+01
3.290896534380866711e+01
3.290896534380866711e+01
3.290896534380866711e+01
3.290896534380866711e+01
3.290896534380866711e+01
3.290896534380866711e+01
3.290896534380866711e+01
3.290896534380866711e+01
3.290896534380866711e+01
3.290896534380866711e+01
3.290896534380866711e+01
3.290896534380866711e+01
3.377499074759310815e+01
3.377499074759310815e+01
3.377499074759310815e+01
3.377499074759310815e+01
3.377499074759310815e+01
3.377499074759310815e+01
3.377499074759310815e+01
3.377499074759310815e+01
3.377499074759310815e+01
3.377499074759310815e+01
3.377499074759310815e+01
3.377499074759310815e+01
3.377499074759310815e+01
3.377499074759310815e+01
3.377499074759310815e+01
3.377499074759310815e+01
3.377499074759310815e+01
3.377499074759310815e+01
3.377499074759310815e+01
3.377499074759310815e+01
3.377499074759310815e+01
3.377499074759310815e+01
3.377499074759310815e+01
3.377499074759310815e+01
3.377499074759310815e+01
3.377499074759310815e+01
3.377499074759310815e+01
3.377499074759310815e+01
3.377499074759310815e+01
3.377499074759310815e+01
3.377499074759310815e+01
3.377499074759310815e+01
3.377499074759310815e+01
3.377499074759310815e+01
3.377499074759310815e+01
3.377499074759310815e+01
3.377499074759310815e+01
3.377499074759310815e+01
3.377499074759310815e+01
3.377499074759310815e+01
