-8.895973301196692315e-03
-2.685587195749322698e-02
4.209302290734835694e-02
-8.292396731870804033e-03
-1.640689084738889553e-02
-7.612338251866898609e-02
-1.960650332802366461e-02
1.058180972380081825e-01
2.599855239810656624e-02
5.176422785947773497e-02
-1.278647990250773581e-01
-4.487009343837595338e-02
-2.280930567879077830e-01
-3.969738484112899646e-01
-3.436000859573375976e-01
-4.743262303481749487e-01
-2.532058910760806025e-01
-1.054808849199943659e-02
-3.677611104626776761e-02
7.971773079805055673e-02
3.624788330987478626e-03
-3.581212394032221025e-02
3.514711886036056554e-02
3.979795922808308795e-02
-5.561560133786338372e-02
-2.272064740321491361e-01
-2.657784264284578923e-01
-1.417721648331508877e-01
-1.173846937929650391e-01
2.911047002737572956e-02
-1.507537298295541853e-02
4.789147816361964682e-02
4.250130453972132683e-02
-1.268915132590966652e-02
-1.979394462179539030e-02
-4.530236485077716868e-02
5.225424126472731808e-03
4.493325958148963045e-02
-5.543369452348265863e-02
-6.601374278525555528e-02
-3.723326688493636127e-02
-3.713489823737320394e-02
3.581100677125235998e-02
-2.094503778398370403e-02
-5.729066134446211822e-02
-7.621688387399090658e-02
-1.232062037373646557e-01
-4.190300069835171670e-01
-8.938675799328174021e-01
-9.383513082663285099e-01
-7.440158552868378905e-01
-3.939233503537858394e-01
-3.662708035421524677e-02
4.129373217187456285e-02
3.267315640866593623e-02
2.986107266139358812e-03
-4.777188189967207683e-03
9.560606373224936338e-02
5.494808470582072252e-02
-6.058334446943220569e-02
-1.203141891483195391e-01
-3.226292604937201075e-02
-1.618719467070789397e-02
-1.484750130104370291e-02
-7.004781410392539251e-03
-5.207395262216893417e-02
5.569602282837389506e-02
-3.589866311810484267e-02
-1.632970610037232095e-02
-9.377960811402115404e-02
1.116064290957230302e-02
8.012537813706620271e-02
5.184429192540758891e-04
-1.590031813226954263e-02
-2.657977154100445855e-02
2.292449717947798657e-02
5.277758707012038947e-02
1.693212458986989855e-01
6.232348087106047430e-02
5.095106927680257553e-02
6.621811175448537659e-03
-1.302018167929148151e-01
-2.763688405208399312e-01
-6.584047993175953239e-01
-5.841639697385023755e-01
-3.987106656841596930e-01
-1.147532418191457571e-01
1.153514683766287546e-01
6.546485528915318985e-02
9.110988055101344740e-02
-2.305074083436263466e-02
3.403974445788893882e-02
9.155758626914256570e-02
-7.472174264218780365e-03
5.965462562579831179e-02
-1.105274306079876978e-01
9.126721670803526754e-02
1.392279946148672620e-01
4.969185677282286773e-02
7.635266322448661103e-02
-2.381165282299175026e-02
-4.448397398967934846e-03
-7.098770014974563336e-02
-4.470020050701143527e-02
-5.807817388675069747e-02
5.213982848887129679e-02
2.956088158995431349e-03
-9.550117180434222752e-02
-2.626243879232532160e-03
1.060283820522636422e-01
-5.835822835241295456e-03
2.180772793872380599e-01
3.189787564175010637e-01
3.740280322839769633e-01
1.086327364818777674e-01
-1.015796768935370124e-02
-2.684007874032554031e-02
-4.687455383724185159e-02
-1.843682531897208599e-01
-8.531757582760962633e-02
-8.123119798256904500e-02
6.552504073298484610e-02
2.068397546558143063e-01
3.995586149509441354e-01
2.968682629553935914e-01
9.589637275295201380e-02
5.282543679006448251e-02
1.067059274945401509e-01
5.079552980888497882e-02
1.355797299023086544e-01
1.387330066290775876e-01
2.079637471117761760e-01
1.754274183746444282e-01
1.326091428977625442e-01
-7.368706876345811063e-02
-2.210814344339956036e-02
5.623585484040009158e-02
-2.736506247972631672e-02
-4.438036824590744361e-02
-4.173887928091393751e-02
1.748617592547644685e-03
2.712601418901372519e-02
-1.058543244366123154e-01
-1.459392305849829645e-02
-2.918416680038217123e-02
1.406141018832574308e-01
5.280933742648349360e-01
8.023327506475297355e-01
5.737331768212097227e-01
2.500408350251899225e-01
7.368361586742379864e-03
3.685761226518875777e-02
7.556291082257202141e-02
-2.288892084258492554e-02
6.100615469571114141e-02
9.924439711442908929e-02
2.413894079798280523e-01
5.486446104708564420e-01
7.843906989559782383e-01
5.952589135105181839e-01
2.975675153037862231e-01
1.301349328383258619e-01
1.148611036790497392e-01
1.469742546985711718e-01
2.692638112708859444e-01
4.571360653459320411e-01
4.211718675043070736e-01
3.681576364920399191e-01
1.276284327230537141e-01
5.307409699426174354e-02
2.295748754411500170e-02
-3.229643096523258927e-03
4.607810636687913186e-02
8.413678252398481411e-03
1.207041596736993655e-01
1.291992354650889907e-01
6.209623020132352955e-02
1.092855981973038654e-01
7.716091663944633439e-04
9.712678240191463530e-02
3.000092324358354934e-01
8.134729942240316314e-01
9.574457533402993548e-01
8.418311770262171256e-01
3.615658418854792999e-01
2.250514548037027204e-02
7.891632809728890696e-02
1.622116988532287252e-01
4.826541730147882597e-02
1.454873662956058800e-01
2.308534749491584215e-01
5.322950304661573373e-01
8.698185445834030194e-01
9.594695826974123376e-01
8.443713004283280865e-01
5.840209906659956651e-01
1.985655401301891776e-01
2.122080760593208770e-01
1.447719188804491852e-01
4.046152000483369537e-01
7.727210377156514820e-01
9.366706682551214636e-01
7.754353185976730067e-01
1.861516641606292544e-01
1.562415628857909966e-01
1.153594561540768060e-01
1.221515711501963697e-01
2.060629898581460839e-01
3.372434114212051193e-01
3.490994561013457398e-01
3.230166585975242644e-01
2.512249374415504236e-02
7.629566487847320999e-02
-8.898356910695469357e-02
-1.999679391669758818e-02
2.601770424966779460e-01
4.055179973813179961e-01
3.671924843092322921e-01
4.069114436314413830e-01
3.070765150678781974e-01
8.965018259414549162e-02
6.801850033146959913e-03
5.652670304142847629e-02
-2.458656297232971605e-02
2.090992534352395862e-02
1.908022878055279092e-01
4.070223243084812315e-01
4.409181306945696432e-01
4.658173135211352012e-01
5.961696720312701370e-01
4.730712932718622588e-01
5.414901577670956645e-02
6.028999218595325338e-02
1.455271759559293998e-01
3.345420323538336738e-01
5.095250491982439289e-01
6.064645380070027292e-01
5.580295548588798393e-01
3.120602901782766336e-01
1.779825893678405324e-01
1.854847316132332558e-01
3.275740850500238888e-01
4.967850547899074209e-01
7.400460408799809375e-01
6.315412739487076266e-01
6.128773721336212565e-01
2.109705017719074316e-01
6.049013499658363602e-02
-9.199920235939511304e-02
-9.100326708188880009e-02
-2.139208004205282176e-01
-3.933388275313052795e-01
-2.531494860636804289e-01
-2.492664170243094612e-01
-2.682868163374080850e-01
-4.480559478585046523e-02
-2.048324295719564439e-02
-3.352923569900295026e-02
-3.787922877559813523e-02
1.630326048734465072e-02
-1.520965345741256691e-01
-1.626869443985470010e-01
-9.072782352271169248e-02
-1.141278613608469050e-01
-1.041293576393524101e-01
-1.146124235464550667e-01
-8.410746691828388522e-02
-1.111564870889692053e-01
-8.748299253784876106e-02
-2.990026314063858395e-02
-1.711402375476704096e-01
-1.622856724199882028e-01
-8.978860584494766095e-02
-7.361069176531860603e-02
-7.850766402332905181e-03
1.733210298602982577e-02
2.946205450785192026e-01
6.602165226649979735e-01
9.193637868485058373e-01
9.337184957662351126e-01
4.466530094252501026e-01
1.973434208548331681e-01
-5.515409793798668747e-02
-9.609983671145792480e-03
-1.959066431044192980e-01
-3.813937046825922605e-01
-8.174076252344584237e-01
-8.894620921913372058e-01
-8.387325746853609987e-01
-4.383705930698775233e-01
-1.312375855183372519e-01
-4.281334660242670787e-02
-6.965307396331262002e-02
-8.873471995444927318e-02
-5.869617482098368755e-02
-2.757025729429508631e-01
-5.291529389692519736e-01
-6.930932672443219644e-01
-7.319966682429094318e-01
-7.255380285936179341e-01
-6.675299189145625922e-01
-1.878688731513848409e-01
-1.365281514266485086e-01
-1.251245225490121293e-01
-2.240456585837374559e-01
-7.522785364178898870e-01
-8.227245837538332829e-01
-6.977318762281969899e-01
-2.095962245237012189e-01
-8.386721279478505375e-02
-1.977440189523453976e-02
1.653435231755630008e-01
3.293780619552964528e-01
4.407470097879602755e-01
4.130077408231504488e-01
7.719375357629867929e-02
1.003411046803575069e-01
-8.035005277295922954e-02
-7.164781255602183097e-02
-1.774829275883585689e-01
-3.133928566533881743e-01
-5.668889431385800703e-01
-7.406853310562175885e-01
-5.111249410356660805e-01
-2.577384205202973844e-01
-9.878805346945386534e-02
-9.138609480971426544e-03
-3.633593440210292763e-02
-7.606969096505047934e-02
-5.240636464584584597e-02
-1.511957137738325907e-01
-4.584270725806064428e-01
-8.343765496459285558e-01
-8.993651290428723577e-01
-8.345689984368444003e-01
-5.239785305383306557e-01
-2.159504494752101378e-01
-1.419799110737229864e-01
-1.437806679665460940e-01
-3.004047119494194229e-01
-6.817082471218398609e-01
-7.909364739127782151e-01
-5.502556656716468542e-01
-1.430119189747836028e-01
1.091027119643793626e-03
1.106356535073831082e-01
4.181574551038653303e-02
-1.633242903271820701e-01
-5.945064579849310832e-04
4.195027723069834845e-04
-3.463934537819342019e-01
-1.006656778818205006e-01
-1.101666761443092224e-01
-3.528914406783424662e-02
-8.074595297617222223e-02
-1.117016426787492550e-01
-1.629270670497307560e-01
-2.510796995586860314e-01
-1.680922380986629439e-01
-1.023995034776153668e-01
-1.392613864798386836e-01
-2.364559928176953110e-02
-1.095764725474742199e-02
-1.241511205573558319e-01
-8.515338783938802836e-02
-7.327521152102657587e-02
-1.284740117067854070e-01
-3.096207394668137325e-01
-4.224901939684475582e-01
-3.327273585968694158e-01
-2.040071826264855670e-01
-7.991085249103445365e-02
-7.118401860918587010e-02
-1.019493483806749867e-01
-1.286485514409006214e-01
-2.843478225523961567e-01
-1.552217725719954866e-01
-2.308711241249420398e-01
-1.102398081313990807e-01
-1.271996669047139039e-01
3.358738789537868419e-02
-2.077886119506158480e-01
-4.289066060228783339e-01
-4.659413272375431125e-01
-4.397070698169464609e-01
-7.974057172037949393e-01
-2.895981176534688228e-01
-2.225123850843006290e-01
-1.058326975192253050e-01
-1.989570389139519186e-03
4.939731025103389489e-02
5.739141042151200273e-02
4.480885523576833701e-02
-1.823147609874184449e-02
-6.551260128207317401e-02
2.784159931785435554e-02
3.328474082960551639e-02
-3.090631716370253676e-02
6.328885329014977135e-02
-5.413429230068716319e-02
5.080802977231030360e-02
3.125447160078956982e-02
-8.736971394673255509e-02
-9.283860148651087996e-02
1.385502000701356769e-02
1.294999499862025533e-02
-5.519874208714376645e-02
-3.062496305141866951e-02
-2.597625577158295743e-02
9.853637881755199224e-02
1.971953048955109311e-02
6.747709541917891463e-02
-1.301631060083655034e-02
8.963802592729979563e-03
-4.465449684325926982e-02
-8.689064997491681430e-02
-1.487045207850676565e-01
-4.385150902891896685e-01
-7.843766393005371373e-01
-9.240828671225032043e-01
-6.491212743531731277e-01
-3.768786174562727687e-01
-2.271561198596104281e-01
-7.231994723129765712e-02
1.196794717576799005e-01
2.984805361225922882e-01
3.218642394218673153e-01
2.553532881353309247e-01
1.214438025254950537e-01
2.862561528485876167e-03
-5.008071696457190754e-03
2.355660007677175954e-02
-7.011991991176426929e-03
6.981145969901635107e-02
1.368413714402954943e-03
-2.970962213261475054e-02
-9.655605053483509725e-02
2.107245725133542746e-02
9.501799886042014290e-04
-1.897183609891518741e-02
-1.741823401568901378e-02
-8.150147347044224555e-02
-8.918362483878776448e-02
1.105379067531626208e-01
1.538533504543780350e-01
1.237698494693069279e-01
1.531292513363270991e-01
1.651174498296184567e-01
3.627986938653238180e-02
5.615969739436941360e-02
-4.348706078759728005e-02
-5.900228449997750590e-02
-3.205021754248545407e-01
-5.413239131049470965e-01
-7.767306416930296331e-01
-2.271267351662390188e-01
-2.121232795237154301e-01
-8.905366926163751917e-02
9.960930485876560991e-02
4.227063839703718018e-01
8.048055716366061541e-01
8.736736018931645642e-01
6.324502642023200893e-01
3.300345200011498559e-01
-1.846635479622408399e-02
2.137344474428131899e-02
8.013930002083093085e-02
3.450227986640875405e-02
-9.197255507768099803e-03
8.947508171472867700e-02
5.662104735520433196e-02
-6.556586182147522424e-02
-5.185505717561095240e-02
-7.163817923875628879e-02
-3.871099718032416231e-02
-2.168507688512574805e-01
-1.792761220025621272e-01
-2.692203366164341860e-02
1.007688668658607567e-01
2.067614190033693067e-01
2.944141028253908776e-01
4.019745030918748796e-01
3.694130679162101472e-01
1.491918670671932845e-01
9.760852648806166154e-02
9.103455463861227781e-02
5.531827757446374644e-02
-1.025101021345766056e-01
-2.268833386798092822e-01
-2.624431378900263234e-01
-1.274805123895756398e-01
-1.471865352959322859e-01
-5.686281689535419015e-02
2.223703334202916659e-01
5.720024662758559364e-01
6.831275099071686396e-01
6.396899675051903600e-01
7.132794148347036955e-01
3.740390551497592697e-01
1.375459250067564421e-01
3.741893883633592120e-03
6.691480464295428143e-02
-2.952242646265496300e-03
2.836754435621981901e-02
3.084030940036417909e-02
5.940724949907640745e-02
-1.252451966312019549e-02
-2.646973513160081823e-02
-1.129257930738253868e-01
-1.327510485561176901e-01
-1.290831234876985978e-01
-4.729973303020058861e-02
-6.283653749298494240e-02
2.361511717180952430e-01
4.984008805249362517e-01
7.580249926948198214e-01
9.178543989438205930e-01
7.310241039008094077e-01
3.933998670506911877e-01
1.510652311037320172e-01
8.183474115581637620e-02
-7.683882275539741236e-02
4.023207008625502221e-03
-9.405686217789954728e-02
-1.332141441264773074e-01
-6.210719835798651084e-02
-7.666872211197901799e-02
4.983527541354373230e-02
3.509593375089065364e-03
7.365811399634686341e-02
-3.937256786396080982e-02
-9.313594653547044300e-02
2.492225667181239071e-02
9.752803364429635247e-02
8.103082797318121588e-02
5.439303803912952373e-02
-6.296209218289086640e-02
2.030710578274189451e-02
3.148237483249961138e-02
9.979582874708493867e-02
8.386472995526507435e-02
-9.410656131044909181e-03
-5.070230453971480639e-04
-5.023710861663673727e-02
-4.241850047964346171e-04
-1.081112562776276181e-01
-4.828712402876825238e-02
-7.091544866274135384e-02
1.215115706778916310e-01
3.561357233270603939e-01
6.198431844700537097e-01
7.203027483883315263e-01
7.656731306473134602e-01
4.695532235060801973e-01
1.404143796683233747e-01
1.071044668063561855e-01
-2.954740583791233641e-04
1.510375202666591928e-02
-3.504393052034562167e-02
4.009076549166064492e-03
-4.909491459669688279e-02
1.294786899653611878e-01
1.386798462973187415e-03
-2.795053407313156657e-01
-6.273748419573782487e-01
-7.139519335150843471e-01
-6.895329652456272385e-01
-6.216937814130970574e-01
-3.679206058108869803e-01
-6.880799772960533023e-02
-6.862038942369351469e-02
-7.276255353646197965e-02
7.659805751694957754e-02
2.218903438022572228e-01
3.452127337971030996e-01
3.744682543459567636e-01
1.118026655655135898e-01
8.712668615791549498e-02
7.519020592992659707e-03
-2.085121728139423605e-02
-2.882842136626746418e-03
-3.337501258262930842e-02
-3.302179573865532403e-02
-1.194588036520758401e-01
-1.675341512653908405e-01
-3.908007957221067835e-02
9.353724318185765996e-02
9.674805848605584624e-02
1.279088988491722256e-01
4.119723530356120961e-02
6.236003779931959673e-02
2.455429130022937501e-02
-4.406689462891584530e-02
-8.191436216104178158e-02
-8.195296069425164753e-02
-1.589669450495019912e-02
-3.803076349852663185e-02
-8.814641701864663059e-02
-2.031244103679054891e-01
-5.559478730460946094e-01
-7.955527211968925760e-01
-8.708081416061957958e-01
-6.887611017710763006e-01
-3.791968948386816307e-01
-1.340856532961801906e-01
1.370763257819541669e-01
7.484803302461155716e-02
2.756339653666443068e-01
6.485641506098976938e-01
8.224345093379883398e-01
8.549475123960876832e-01
3.933127775413215454e-01
1.219886706642529378e-01
1.832855664716312449e-02
1.645794499657439805e-02
-6.268482113566747893e-02
-3.366850770332942971e-02
-1.147847501949429173e-02
-1.615360855279633356e-01
-3.073524443789070748e-01
-5.559743784097793684e-01
-5.599023293838898407e-01
-5.182487481686438580e-01
-4.325845477978054188e-01
-1.161052566405864905e-01
-1.297684289863948112e-02
1.163611084784331277e-02
-6.951018639265774124e-02
-6.226547204782424683e-02
1.737623605993963982e-02
-1.202960206748058744e-02
-1.673186641809618416e-02
2.598393436137321193e-03
2.060667071975728210e-02
-2.442546025283217070e-01
-2.995872450583986768e-01
-3.998952623465149570e-01
-2.912345466403859495e-01
-1.417517695190710081e-01
-8.018795752975590996e-02
-4.933952091677434870e-03
1.797518944655222550e-01
4.218155748500395652e-01
7.760533218566685321e-01
7.930291818209983523e-01
6.938577647808079618e-01
4.292382790532356940e-01
2.299788132361917370e-01
-9.618520208060183860e-03
6.846624664707112728e-02
-9.948513250053376850e-04
-1.749095939511297905e-04
2.160228865582062771e-02
5.308903247196312264e-03
-2.438038574829418381e-01
-7.637942329108857731e-01
-9.999765525717734249e-01
-8.822092445295711682e-01
-4.518455881880344971e-01
-1.451808463042426056e-01
-6.590249607488617156e-02
-2.689405727167827609e-02
-2.886519005238754113e-02
-4.670054756764457221e-02
-4.670356302097242174e-02
-2.259692091546423517e-02
-1.111032754044636861e-01
-5.343948251940362770e-02
-4.743499522312450561e-02
-6.781470399990371933e-02
-1.371267610261211189e-01
-1.808178650330677650e-01
-3.165345166986156811e-02
2.271478128176880953e-02
-3.299136244925707923e-02
-7.357109727525783238e-02
8.077469109412578618e-02
3.057676405148112009e-01
3.458906929817662790e-01
2.624945817858043151e-01
1.334936972592169757e-01
3.567326648827846836e-02
-4.988272080782703982e-02
-6.531308348835945798e-02
4.505770449393777660e-02
1.076047760547349658e-01
9.794146301069391047e-02
3.859240830179512527e-02
4.150666522733192226e-02
-1.088055646749375716e-01
-4.002373519526424284e-01
-5.904112679313401335e-01
-4.418910011729487164e-01
-2.157541267802595142e-01
-1.336466630143238153e-02
-5.359677680143957318e-02
-6.296840331758059295e-02
-3.283332802034085590e-02
-4.109670485192572220e-02
-1.838112084682298752e-02
0.000000000000000000e+00
0.000000000000000000e+00
0.000000000000000000e+00
0.000000000000000000e+00
0.000000000000000000e+00
0.000000000000000000e+00
0.000000000000000000e+00
0.000000000000000000e+00
0.000000000000000000e+00
0.000000000000000000e+00
0.000000000000000000e+00
0.000000000000000000e+00
0.000000000000000000e+00
0.000000000000000000e+00
0.000000000000000000e+00
0.000000000000000000e+00
0.000000000000000000e+00
0.000000000000000000e+00
0.000000000000000000e+00
0.000000000000000000e+00
0.000000000000000000e+00
0.000000000000000000e+00
0.000000000000000000e+00
0.000000000000000000e+00
0.000000000000000000e+00
0.000000000000000000e+00
0.000000000000000000e+00
0.000000000000000000e+00
0.000000000000000000e+00
0.000000000000000000e+00
0.000000000000000000e+00
0.000000000000000000e+00
0.000000000000000000e+00
0.000000000000000000e+00
0.000000000000000000e+00
0.000000000000000000e+00
0.000000000000000000e+00
0.000000000000000000e+00
0.000000000000000000e+00
0.000000000000000000e+00
0.000000000000000000e+00
0.000000000000000000e+00
0.000000000000000000e+00
0.000000000000000000e+00
0.000000000000000000e+00
0.000000000000000000e+00
0.000000000000000000e+00
0.000000000000000000e+00
0.000000000000000000e+00
0.000000000000000000e+00
0.000000000000000000e+00
0.000000000000000000e+00
0.000000000000000000e+00
0.000000000000000000e+00
0.000000000000000000e+00
0.000000000000000000e+00
0.000000000000000000e+00
0.000000000000000000e+00
0.000000000000000000e+00
0.000000000000000000e+00
0.000000000000000000e+00
0.000000000000000000e+00
0.000000000000000000e+00
0.000000000000000000e+00
0.000000000000000000e+00
0.000000000000000000e+00
0.000000000000000000e+00
0.000000000000000000e+00
0.000000000000000000e+00
0.000000000000000000e+00
0.000000000000000000e+00
0.000000000000000000e+00
0.000000000000000000e+00
0.000000000000000000e+00
0.000000000000000000e+00
0.000000000000000000e+00
0.000000000000000000e+00
0.000000000000000000e+00
0.000000000000000000e+00
0.000000000000000000e+00
0.000000000000000000e+00
0.000000000000000000e+00
0.000000000000000000e+00
0.000000000000000000e+00
0.000000000000000000e+00
0.000000000000000000e+00
0.000000000000000000e+00
0.000000000000000000e+00
0.000000000000000000e+00
0.000000000000000000e+00
0.000000000000000000e+00
0.000000000000000000e+00
0.000000000000000000e+00
0.000000000000000000e+00
0.000000000000000000e+00
0.000000000000000000e+00
0.000000000000000000e+00
0.000000000000000000e+00
0.000000000000000000e+00
0.000000000000000000e+00
0.000000000000000000e+00
0.000000000000000000e+00
0.000000000000000000e+00
0.000000000000000000e+00
0.000000000000000000e+00
0.000000000000000000e+00
0.000000000000000000e+00
0.000000000000000000e+00
0.000000000000000000e+00
0.000000000000000000e+00
0.000000000000000000e+00
0.000000000000000000e+00
0.000000000000000000e+00
0.000000000000000000e+00
0.000000000000000000e+00
0.000000000000000000e+00
0.000000000000000000e+00
0.000000000000000000e+00
0.000000000000000000e+00
0.000000000000000000e+00
0.000000000000000000e+00
0.000000000000000000e+00
0.000000000000000000e+00
0.000000000000000000e+00
0.000000000000000000e+00
0.000000000000000000e+00
0.000000000000000000e+00
0.000000000000000000e+00
0.000000000000000000e+00
0.000000000000000000e+00
0.000000000000000000e+00
0.000000000000000000e+00
0.000000000000000000e+00
0.000000000000000000e+00
0.000000000000000000e+00
0.000000000000000000e+00
0.000000000000000000e+00
0.000000000000000000e+00
0.000000000000000000e+00
0.000000000000000000e+00
0.000000000000000000e+00
0.000000000000000000e+00
0.000000000000000000e+00
0.000000000000000000e+00
0.000000000000000000e+00
0.000000000000000000e+00
0.000000000000000000e+00
0.000000000000000000e+00
0.000000000000000000e+00
0.000000000000000000e+00
0.000000000000000000e+00
0.000000000000000000e+00
0.000000000000000000e+00
0.000000000000000000e+00
0.000000000000000000e+00
0.000000000000000000e+00
0.000000000000000000e+00
0.000000000000000000e+00
0.000000000000000000e+00
0.000000000000000000e+00
0.000000000000000000e+00
0.000000000000000000e+00
0.000000000000000000e+00
0.000000000000000000e+00
0.000000000000000000e+00
0.000000000000000000e+00
0.000000000000000000e+00
0.000000000000000000e+00
0.000000000000000000e+00
0.000000000000000000e+00
0.000000000000000000e+00
0.000000000000000000e+00
0.000000000000000000e+00
0.000000000000000000e+00
0.000000000000000000e+00
0.000000000000000000e+00
0.000000000000000000e+00
0.000000000000000000e+00
0.000000000000000000e+00
0.000000000000000000e+00
0.000000000000000000e+00
0.000000000000000000e+00
0.000000000000000000e+00
0.000000000000000000e+00
0.000000000000000000e+00
0.000000000000000000e+00
0.000000000000000000e+00
0.000000000000000000e+00
0.000000000000000000e+00
0.000000000000000000e+00
0.000000000000000000e+00
0.000000000000000000e+00
0.000000000000000000e+00
0.000000000000000000e+00
0.000000000000000000e+00
0.000000000000000000e+00
0.000000000000000000e+00
0.000000000000000000e+00
0.000000000000000000e+00
0.000000000000000000e+00
0.000000000000000000e+00
0.000000000000000000e+00
0.000000000000000000e+00
0.000000000000000000e+00
0.000000000000000000e+00
0.000000000000000000e+00
0.000000000000000000e+00
0.000000000000000000e+00
0.000000000000000000e+00
0.000000000000000000e+00
0.000000000000000000e+00
0.000000000000000000e+00
0.000000000000000000e+00
0.000000000000000000e+00
0.000000000000000000e+00
0.000000000000000000e+00
0.000000000000000000e+00
0.000000000000000000e+00
0.000000000000000000e+00
0.000000000000000000e+00
0.000000000000000000e+00
0.000000000000000000e+00
0.000000000000000000e+00
0.000000000000000000e+00
0.000000000000000000e+00
0.000000000000000000e+00
0.000000000000000000e+00
0.000000000000000000e+00
0.000000000000000000e+00
0.000000000000000000e+00
0.000000000000000000e+00
0.000000000000000000e+00
0.000000000000000000e+00
0.000000000000000000e+00
0.000000000000000000e+00
0.000000000000000000e+00
0.000000000000000000e+00
0.000000000000000000e+00
0.000000000000000000e+00
0.000000000000000000e+00
0.000000000000000000e+00
0.000000000000000000e+00
0.000000000000000000e+00
0.000000000000000000e+00
0.000000000000000000e+00
0.000000000000000000e+00
0.000000000000000000e+00
0.000000000000000000e+00
0.000000000000000000e+00
0.000000000000000000e+00
0.000000000000000000e+00
0.000000000000000000e+00
0.000000000000000000e+00
0.000000000000000000e+00
0.000000000000000000e+00
0.000000000000000000e+00
0.000000000000000000e+00
0.000000000000000000e+00
0.000000000000000000e+00
0.000000000000000000e+00
0.000000000000000000e+00
0.000000000000000000e+00
0.000000000000000000e+00
0.000000000000000000e+00
0.000000000000000000e+00
0.000000000000000000e+00
0.000000000000000000e+00
0.000000000000000000e+00
0.000000000000000000e+00
0.000000000000000000e+00
0.000000000000000000e+00
0.000000000000000000e+00
0.000000000000000000e+00
0.000000000000000000e+00
0.000000000000000000e+00
0.000000000000000000e+00
0.000000000000000000e+00
0.000000000000000000e+00
0.000000000000000000e+00
0.000000000000000000e+00
0.000000000000000000e+00
0.000000000000000000e+00
0.000000000000000000e+00
0.000000000000000000e+00
0.000000000000000000e+00
0.000000000000000000e+00
0.000000000000000000e+00
0.000000000000000000e+00
0.000000000000000000e+00
0.000000000000000000e+00
0.000000000000000000e+00
0.000000000000000000e+00
0.000000000000000000e+00
0.000000000000000000e+00
0.000000000000000000e+00
0.000000000000000000e+00
0.000000000000000000e+00
0.000000000000000000e+00
0.000000000000000000e+00
0.000000000000000000e+00
0.000000000000000000e+00
0.000000000000000000e+00
0.000000000000000000e+00
0.000000000000000000e+00
0.000000000000000000e+00
0.000000000000000000e+00
0.000000000000000000e+00
0.000000000000000000e+00
0.000000000000000000e+00
0.000000000000000000e+00
0.000000000000000000e+00
0.000000000000000000e+00
0.000000000000000000e+00
0.000000000000000000e+00
0.000000000000000000e+00
0.000000000000000000e+00
0.000000000000000000e+00
0.000000000000000000e+00
0.000000000000000000e+00
0.000000000000000000e+00
0.000000000000000000e+00
0.000000000000000000e+00
0.000000000000000000e+00
0.000000000000000000e+00
0.000000000000000000e+00
0.000000000000000000e+00
0.000000000000000000e+00
0.000000000000000000e+00
0.000000000000000000e+00
0.000000000000000000e+00
0.000000000000000000e+00
0.000000000000000000e+00
0.000000000000000000e+00
0.000000000000000000e+00
0.000000000000000000e+00
0.000000000000000000e+00
0.000000000000000000e+00
0.000000000000000000e+00
0.000000000000000000e+00
0.000000000000000000e+00
0.000000000000000000e+00
0.000000000000000000e+00
0.000000000000000000e+00
0.000000000000000000e+00
0.000000000000000000e+00
0.000000000000000000e+00
0.000000000000000000e+00
0.000000000000000000e+00
0.000000000000000000e+00
0.000000000000000000e+00
0.000000000000000000e+00
0.000000000000000000e+00
0.000000000000000000e+00
0.000000000000000000e+00
0.000000000000000000e+00
0.000000000000000000e+00
0.000000000000000000e+00
0.000000000000000000e+00
0.000000000000000000e+00
0.000000000000000000e+00
0.000000000000000000e+00
0.000000000000000000e+00
0.000000000000000000e+00
0.000000000000000000e+00
0.000000000000000000e+00
0.000000000000000000e+00
0.000000000000000000e+00
0.000000000000000000e+00
0.000000000000000000e+00
0.000000000000000000e+00
0.000000000000000000e+00
0.000000000000000000e+00
0.000000000000000000e+00
0.000000000000000000e+00
0.000000000000000000e+00
0.000000000000000000e+00
0.000000000000000000e+00
0.000000000000000000e+00
0.000000000000000000e+00
0.000000000000000000e+00
0.000000000000000000e+00
0.000000000000000000e+00
0.000000000000000000e+00
0.000000000000000000e+00
0.000000000000000000e+00
0.000000000000000000e+00
0.000000000000000000e+00
0.000000000000000000e+00
0.000000000000000000e+00
0.000000000000000000e+00
0.000000000000000000e+00
0.000000000000000000e+00
0.000000000000000000e+00
0.000000000000000000e+00
0.000000000000000000e+00
0.000000000000000000e+00
0.000000000000000000e+00
0.000000000000000000e+00
0.000000000000000000e+00
0.000000000000000000e+00
0.000000000000000000e+00
0.000000000000000000e+00
0.000000000000000000e+00
0.000000000000000000e+00
0.000000000000000000e+00
0.000000000000000000e+00
0.000000000000000000e+00
0.000000000000000000e+00
0.000000000000000000e+00
0.000000000000000000e+00
0.000000000000000000e+00
0.000000000000000000e+00
0.000000000000000000e+00
0.000000000000000000e+00
0.000000000000000000e+00
0.000000000000000000e+00
0.000000000000000000e+00
0.000000000000000000e+00
0.000000000000000000e+00
0.000000000000000000e+00
0.000000000000000000e+00
0.000000000000000000e+00
0.000000000000000000e+00
0.000000000000000000e+00
0.000000000000000000e+00
0.000000000000000000e+00
0.000000000000000000e+00
0.000000000000000000e+00
0.000000000000000000e+00
0.000000000000000000e+00
0.000000000000000000e+00
0.000000000000000000e+00
0.000000000000000000e+00
0.000000000000000000e+00
0.000000000000000000e+00
0.000000000000000000e+00
0.000000000000000000e+00
0.000000000000000000e+00
0.000000000000000000e+00
0.000000000000000000e+00
0.000000000000000000e+00
0.000000000000000000e+00
0.000000000000000000e+00
0.000000000000000000e+00
0.000000000000000000e+00
0.000000000000000000e+00
0.000000000000000000e+00
0.000000000000000000e+00
0.000000000000000000e+00
0.000000000000000000e+00
0.000000000000000000e+00
0.000000000000000000e+00
0.000000000000000000e+00
0.000000000000000000e+00
0.000000000000000000e+00
0.000000000000000000e+00
0.000000000000000000e+00
0.000000000000000000e+00
0.000000000000000000e+00
0.000000000000000000e+00
0.000000000000000000e+00
0.000000000000000000e+00
0.000000000000000000e+00
0.000000000000000000e+00
0.000000000000000000e+00
0.000000000000000000e+00
0.000000000000000000e+00
0.000000000000000000e+00
0.000000000000000000e+00
0.000000000000000000e+00
0.000000000000000000e+00
0.000000000000000000e+00
0.000000000000000000e+00
0.000000000000000000e+00
0.000000000000000000e+00
0.000000000000000000e+00
0.000000000000000000e+00
0.000000000000000000e+00
0.000000000000000000e+00
0.000000000000000000e+00
0.000000000000000000e+00
0.000000000000000000e+00
0.000000000000000000e+00
0.000000000000000000e+00
0.000000000000000000e+00
0.000000000000000000e+00
0.000000000000000000e+00
0.000000000000000000e+00
0.000000000000000000e+00
0.000000000000000000e+00
0.000000000000000000e+00
0.000000000000000000e+00
0.000000000000000000e+00
0.000000000000000000e+00
0.000000000000000000e+00
0.000000000000000000e+00
0.000000000000000000e+00
0.000000000000000000e+00
0.000000000000000000e+00
0.000000000000000000e+00
0.000000000000000000e+00
0.000000000000000000e+00
0.000000000000000000e+00
0.000000000000000000e+00
0.000000000000000000e+00
0.000000000000000000e+00
0.000000000000000000e+00
0.000000000000000000e+00
0.000000000000000000e+00
0.000000000000000000e+00
0.000000000000000000e+00
0.000000000000000000e+00
0.000000000000000000e+00
0.000000000000000000e+00
0.000000000000000000e+00
0.000000000000000000e+00
0.000000000000000000e+00
0.000000000000000000e+00
0.000000000000000000e+00
0.000000000000000000e+00
0.000000000000000000e+00
0.000000000000000000e+00
0.000000000000000000e+00
0.000000000000000000e+00
0.000000000000000000e+00
0.000000000000000000e+00
0.000000000000000000e+00
0.000000000000000000e+00
0.000000000000000000e+00
0.000000000000000000e+00
0.000000000000000000e+00
0.000000000000000000e+00
0.000000000000000000e+00
0.000000000000000000e+00
0.000000000000000000e+00
0.000000000000000000e+00
0.000000000000000000e+00
0.000000000000000000e+00
0.000000000000000000e+00
0.000000000000000000e+00
0.000000000000000000e+00
0.000000000000000000e+00
0.000000000000000000e+00
0.000000000000000000e+00
0.000000000000000000e+00
0.000000000000000000e+00
0.000000000000000000e+00
0.000000000000000000e+00
0.000000000000000000e+00
0.000000000000000000e+00
0.000000000000000000e+00
0.000000000000000000e+00
0.000000000000000000e+00
0.000000000000000000e+00
0.000000000000000000e+00
0.000000000000000000e+00
0.000000000000000000e+00
0.000000000000000000e+00
0.000000000000000000e+00
0.000000000000000000e+00
0.000000000000000000e+00
0.000000000000000000e+00
0.000000000000000000e+00
0.000000000000000000e+00
0.000000000000000000e+00
0.000000000000000000e+00
0.000000000000000000e+00
0.000000000000000000e+00
0.000000000000000000e+00
0.000000000000000000e+00
0.000000000000000000e+00
0.000000000000000000e+00
0.000000000000000000e+00
0.000000000000000000e+00
0.000000000000000000e+00
0.000000000000000000e+00
0.000000000000000000e+00
0.000000000000000000e+00
0.000000000000000000e+00
0.000000000000000000e+00
0.000000000000000000e+00
0.000000000000000000e+00
0.000000000000000000e+00
0.000000000000000000e+00
0.000000000000000000e+00
0.000000000000000000e+00
0.000000000000000000e+00
0.000000000000000000e+00
0.000000000000000000e+00
0.000000000000000000e+00
0.000000000000000000e+00
0.000000000000000000e+00
0.000000000000000000e+00
0.000000000000000000e+00
0.000000000000000000e+00
0.000000000000000000e+00
0.000000000000000000e+00
0.000000000000000000e+00
0.000000000000000000e+00
0.000000000000000000e+00
0.000000000000000000e+00
0.000000000000000000e+00
0.000000000000000000e+00
0.000000000000000000e+00
0.000000000000000000e+00
0.000000000000000000e+00
0.000000000000000000e+00
0.000000000000000000e+00
0.000000000000000000e+00
0.000000000000000000e+00
0.000000000000000000e+00
0.000000000000000000e+00
0.000000000000000000e+00
0.000000000000000000e+00
0.000000000000000000e+00
0.000000000000000000e+00
0.000000000000000000e+00
0.000000000000000000e+00
0.000000000000000000e+00
0.000000000000000000e+00
0.000000000000000000e+00
0.000000000000000000e+00
0.000000000000000000e+00
0.000000000000000000e+00
0.000000000000000000e+00
0.000000000000000000e+00
0.000000000000000000e+00
0.000000000000000000e+00
0.000000000000000000e+00
0.000000000000000000e+00
0.000000000000000000e+00
0.000000000000000000e+00
0.000000000000000000e+00
0.000000000000000000e+00
0.000000000000000000e+00
0.000000000000000000e+00
0.000000000000000000e+00
0.000000000000000000e+00
0.000000000000000000e+00
0.000000000000000000e+00
0.000000000000000000e+00
0.000000000000000000e+00
0.000000000000000000e+00
0.000000000000000000e+00
0.000000000000000000e+00
0.000000000000000000e+00
0.000000000000000000e+00
0.000000000000000000e+00
0.000000000000000000e+00
0.000000000000000000e+00
0.000000000000000000e+00
0.000000000000000000e+00
0.000000000000000000e+00
0.000000000000000000e+00
0.000000000000000000e+00
0.000000000000000000e+00
0.000000000000000000e+00
0.000000000000000000e+00
0.000000000000000000e+00
0.000000000000000000e+00
0.000000000000000000e+00
0.000000000000000000e+00
0.000000000000000000e+00
0.000000000000000000e+00
0.000000000000000000e+00
0.000000000000000000e+00
0.000000000000000000e+00
0.000000000000000000e+00
0.000000000000000000e+00
0.000000000000000000e+00
0.000000000000000000e+00
0.000000000000000000e+00
0.000000000000000000e+00
0.000000000000000000e+00
0.000000000000000000e+00
0.000000000000000000e+00
0.000000000000000000e+00
0.000000000000000000e+00
0.000000000000000000e+00
0.000000000000000000e+00
0.000000000000000000e+00
0.000000000000000000e+00
0.000000000000000000e+00
0.000000000000000000e+00
0.000000000000000000e+00
0.000000000000000000e+00
0.000000000000000000e+00
0.000000000000000000e+00
0.000000000000000000e+00
0.000000000000000000e+00
0.000000000000000000e+00
0.000000000000000000e+00
0.000000000000000000e+00
0.000000000000000000e+00
0.000000000000000000e+00
0.000000000000000000e+00
0.000000000000000000e+00
0.000000000000000000e+00
0.000000000000000000e+00
0.000000000000000000e+00
0.000000000000000000e+00
0.000000000000000000e+00
0.000000000000000000e+00
0.000000000000000000e+00
0.000000000000000000e+00
0.000000000000000000e+00
0.000000000000000000e+00
0.000000000000000000e+00
0.000000000000000000e+00
0.000000000000000000e+00
0.000000000000000000e+00
0.000000000000000000e+00
0.000000000000000000e+00
0.000000000000000000e+00
0.000000000000000000e+00
0.000000000000000000e+00
0.000000000000000000e+00
0.000000000000000000e+00
0.000000000000000000e+00
0.000000000000000000e+00
0.000000000000000000e+00
0.000000000000000000e+00
0.000000000000000000e+00
0.000000000000000000e+00
0.000000000000000000e+00
0.000000000000000000e+00
0.000000000000000000e+00
0.000000000000000000e+00
0.000000000000000000e+00
0.000000000000000000e+00
0.000000000000000000e+00
0.000000000000000000e+00
0.000000000000000000e+00
0.000000000000000000e+00
0.000000000000000000e+00
0.000000000000000000e+00
0.000000000000000000e+00
0.000000000000000000e+00
0.000000000000000000e+00
0.000000000000000000e+00
0.000000000000000000e+00
0.000000000000000000e+00
0.000000000000000000e+00
0.000000000000000000e+00
0.000000000000000000e+00
0.000000000000000000e+00
0.000000000000000000e+00
0.000000000000000000e+00
0.000000000000000000e+00
0.000000000000000000e+00
0.000000000000000000e+00
0.000000000000000000e+00
0.000000000000000000e+00
0.000000000000000000e+00
0.000000000000000000e+00
0.000000000000000000e+00
0.000000000000000000e+00
0.000000000000000000e+00
0.000000000000000000e+00
0.000000000000000000e+00
0.000000000000000000e+00
0.000000000000000000e+00
0.000000000000000000e+00
0.000000000000000000e+00
0.000000000000000000e+00
0.000000000000000000e+00
0.000000000000000000e+00
0.000000000000000000e+00
0.000000000000000000e+00
0.000000000000000000e+00
0.000000000000000000e+00
0.000000000000000000e+00
0.000000000000000000e+00
0.000000000000000000e+00
0.000000000000000000e+00
0.000000000000000000e+00
0.000000000000000000e+00
0.000000000000000000e+00
0.000000000000000000e+00
0.000000000000000000e+00
0.000000000000000000e+00
0.000000000000000000e+00
0.000000000000000000e+00
0.000000000000000000e+00
0.000000000000000000e+00
0.000000000000000000e+00
0.000000000000000000e+00
0.000000000000000000e+00
0.000000000000000000e+00
0.000000000000000000e+00
0.000000000000000000e+00
0.000000000000000000e+00
0.000000000000000000e+00
0.000000000000000000e+00
0.000000000000000000e+00
0.000000000000000000e+00
0.000000000000000000e+00
0.000000000000000000e+00
0.000000000000000000e+00
0.000000000000000000e+00
0.000000000000000000e+00
0.000000000000000000e+00
0.000000000000000000e+00
0.000000000000000000e+00
0.000000000000000000e+00
0.000000000000000000e+00
0.000000000000000000e+00
0.000000000000000000e+00
0.000000000000000000e+00
0.000000000000000000e+00
0.000000000000000000e+00
0.000000000000000000e+00
0.000000000000000000e+00
0.000000000000000000e+00
0.000000000000000000e+00
0.000000000000000000e+00
0.000000000000000000e+00
0.000000000000000000e+00
0.000000000000000000e+00
0.000000000000000000e+00
0.000000000000000000e+00
0.000000000000000000e+00
0.000000000000000000e+00
0.000000000000000000e+00
0.000000000000000000e+00
0.000000000000000000e+00
0.000000000000000000e+00
0.000000000000000000e+00
0.000000000000000000e+00
0.000000000000000000e+00
0.000000000000000000e+00
0.000000000000000000e+00
0.000000000000000000e+00
0.000000000000000000e+00
0.000000000000000000e+00
0.000000000000000000e+00
0.000000000000000000e+00
0.000000000000000000e+00
0.000000000000000000e+00
0.000000000000000000e+00
0.000000000000000000e+00
0.000000000000000000e+00
0.000000000000000000e+00
0.000000000000000000e+00
0.000000000000000000e+00
0.000000000000000000e+00
0.000000000000000000e+00
0.000000000000000000e+00
0.000000000000000000e+00
0.000000000000000000e+00
0.000000000000000000e+00
0.000000000000000000e+00
0.000000000000000000e+00
0.000000000000000000e+00
0.000000000000000000e+00
0.000000000000000000e+00
0.000000000000000000e+00
0.000000000000000000e+00
0.000000000000000000e+00
0.000000000000000000e+00
0.000000000000000000e+00
0.000000000000000000e+00
0.000000000000000000e+00
0.000000000000000000e+00
0.000000000000000000e+00
0.000000000000000000e+00
0.000000000000000000e+00
0.000000000000000000e+00
0.000000000000000000e+00
0.000000000000000000e+00
0.000000000000000000e+00
0.000000000000000000e+00
0.000000000000000000e+00
0.000000000000000000e+00
0.000000000000000000e+00
0.000000000000000000e+00
0.000000000000000000e+00
0.000000000000000000e+00
0.000000000000000000e+00
0.000000000000000000e+00
0.000000000000000000e+00
0.000000000000000000e+00
0.000000000000000000e+00
0.000000000000000000e+00
0.000000000000000000e+00
0.000000000000000000e+00
0.000000000000000000e+00
0.000000000000000000e+00
0.000000000000000000e+00
0.000000000000000000e+00
0.000000000000000000e+00
0.000000000000000000e+00
0.000000000000000000e+00
0.000000000000000000e+00
0.000000000000000000e+00
0.000000000000000000e+00
0.000000000000000000e+00
0.000000000000000000e+00
0.000000000000000000e+00
0.000000000000000000e+00
0.000000000000000000e+00
0.000000000000000000e+00
0.000000000000000000e+00
0.000000000000000000e+00
0.000000000000000000e+00
0.000000000000000000e+00
0.000000000000000000e+00
0.000000000000000000e+00
0.000000000000000000e+00
0.000000000000000000e+00
0.000000000000000000e+00
0.000000000000000000e+00
0.000000000000000000e+00
0.000000000000000000e+00
0.000000000000000000e+00
0.000000000000000000e+00
0.000000000000000000e+00
0.000000000000000000e+00
0.000000000000000000e+00
0.000000000000000000e+00
0.000000000000000000e+00
0.000000000000000000e+00
0.000000000000000000e+00
0.000000000000000000e+00
0.000000000000000000e+00
0.000000000000000000e+00
0.000000000000000000e+00
0.000000000000000000e+00
0.000000000000000000e+00
0.000000000000000000e+00
0.000000000000000000e+00
0.000000000000000000e+00
0.000000000000000000e+00
0.000000000000000000e+00
0.000000000000000000e+00
0.000000000000000000e+00
0.000000000000000000e+00
0.000000000000000000e+00
0.000000000000000000e+00
0.000000000000000000e+00
0.000000000000000000e+00
0.000000000000000000e+00
0.000000000000000000e+00
0.000000000000000000e+00
0.000000000000000000e+00
0.000000000000000000e+00
0.000000000000000000e+00
0.000000000000000000e+00
0.000000000000000000e+00
0.000000000000000000e+00
0.000000000000000000e+00
0.000000000000000000e+00
0.000000000000000000e+00
0.000000000000000000e+00
0.000000000000000000e+00
0.000000000000000000e+00
0.000000000000000000e+00
0.000000000000000000e+00
0.000000000000000000e+00
0.000000000000000000e+00
0.000000000000000000e+00
0.000000000000000000e+00
0.000000000000000000e+00
0.000000000000000000e+00
0.000000000000000000e+00
0.000000000000000000e+00
0.000000000000000000e+00
0.000000000000000000e+00
0.000000000000000000e+00
0.000000000000000000e+00
0.000000000000000000e+00
0.000000000000000000e+00
0.000000000000000000e+00
0.000000000000000000e+00
0.000000000000000000e+00
0.000000000000000000e+00
0.000000000000000000e+00
0.000000000000000000e+00
0.000000000000000000e+00
0.000000000000000000e+00
0.000000000000000000e+00
0.000000000000000000e+00
0.000000000000000000e+00
0.000000000000000000e+00
0.000000000000000000e+00
0.000000000000000000e+00
0.000000000000000000e+00
0.000000000000000000e+00
0.000000000000000000e+00
0.000000000000000000e+00
0.000000000000000000e+00
0.000000000000000000e+00
0.000000000000000000e+00
0.000000000000000000e+00
0.000000000000000000e+00
0.000000000000000000e+00
0.000000000000000000e+00
0.000000000000000000e+00
0.000000000000000000e+00
0.000000000000000000e+00
0.000000000000000000e+00
0.000000000000000000e+00
0.000000000000000000e+00
0.000000000000000000e+00
0.000000000000000000e+00
0.000000000000000000e+00
0.000000000000000000e+00
0.000000000000000000e+00
0.000000000000000000e+00
0.000000000000000000e+00
0.000000000000000000e+00
0.000000000000000000e+00
0.000000000000000000e+00
0.000000000000000000e+00
0.000000000000000000e+00
0.000000000000000000e+00
0.000000000000000000e+00
0.000000000000000000e+00
0.000000000000000000e+00
0.000000000000000000e+00
0.000000000000000000e+00
0.000000000000000000e+00
0.000000000000000000e+00
0.000000000000000000e+00
0.000000000000000000e+00
0.000000000000000000e+00
0.000000000000000000e+00
0.000000000000000000e+00
0.000000000000000000e+00
0.000000000000000000e+00
0.000000000000000000e+00
0.000000000000000000e+00
0.000000000000000000e+00
0.000000000000000000e+00
0.000000000000000000e+00
0.000000000000000000e+00
0.000000000000000000e+00
0.000000000000000000e+00
0.000000000000000000e+00
0.000000000000000000e+00
0.000000000000000000e+00
0.000000000000000000e+00
0.000000000000000000e+00
0.000000000000000000e+00
0.000000000000000000e+00
0.000000000000000000e+00
0.000000000000000000e+00
0.000000000000000000e+00
0.000000000000000000e+00
0.000000000000000000e+00
0.000000000000000000e+00
0.000000000000000000e+00
0.000000000000000000e+00
0.000000000000000000e+00
0.000000000000000000e+00
0.000000000000000000e+00
0.000000000000000000e+00
0.000000000000000000e+00
0.000000000000000000e+00
0.000000000000000000e+00
0.000000000000000000e+00
0.000000000000000000e+00
0.000000000000000000e+00
0.000000000000000000e+00
0.000000000000000000e+00
0.000000000000000000e+00
0.000000000000000000e+00
0.000000000000000000e+00
0.000000000000000000e+00
0.000000000000000000e+00
0.000000000000000000e+00
0.000000000000000000e+00
0.000000000000000000e+00
0.000000000000000000e+00
0.000000000000000000e+00
0.000000000000000000e+00
0.000000000000000000e+00
0.000000000000000000e+00
0.000000000000000000e+00
0.000000000000000000e+00
0.000000000000000000e+00
0.000000000000000000e+00
0.000000000000000000e+00
0.000000000000000000e+00
0.000000000000000000e+00
0.000000000000000000e+00
0.000000000000000000e+00
0.000000000000000000e+00
0.000000000000000000e+00
0.000000000000000000e+00
0.000000000000000000e+00
0.000000000000000000e+00
0.000000000000000000e+00
0.000000000000000000e+00
0.000000000000000000e+00
0.000000000000000000e+00
0.000000000000000000e+00
0.000000000000000000e+00
0.000000000000000000e+00
0.000000000000000000e+00
0.000000000000000000e+00
0.000000000000000000e+00
0.000000000000000000e+00
0.000000000000000000e+00
0.000000000000000000e+00
0.000000000000000000e+00
0.000000000000000000e+00
0.000000000000000000e+00
0.000000000000000000e+00
0.000000000000000000e+00
0.000000000000000000e+00
0.000000000000000000e+00
0.000000000000000000e+00
0.000000000000000000e+00
0.000000000000000000e+00
0.000000000000000000e+00
0.000000000000000000e+00
0.000000000000000000e+00
0.000000000000000000e+00
0.000000000000000000e+00
0.000000000000000000e+00
0.000000000000000000e+00
0.000000000000000000e+00
0.000000000000000000e+00
0.000000000000000000e+00
0.000000000000000000e+00
0.000000000000000000e+00
0.000000000000000000e+00
0.000000000000000000e+00
0.000000000000000000e+00
0.000000000000000000e+00
0.000000000000000000e+00
0.000000000000000000e+00
0.000000000000000000e+00
0.000000000000000000e+00
0.000000000000000000e+00
0.000000000000000000e+00
0.000000000000000000e+00
0.000000000000000000e+00
0.000000000000000000e+00
0.000000000000000000e+00
0.000000000000000000e+00
0.000000000000000000e+00
0.000000000000000000e+00
0.000000000000000000e+00
0.000000000000000000e+00
0.000000000000000000e+00
0.000000000000000000e+00
0.000000000000000000e+00
0.000000000000000000e+00
0.000000000000000000e+00
0.000000000000000000e+00
0.000000000000000000e+00
0.000000000000000000e+00
0.000000000000000000e+00
0.000000000000000000e+00
0.000000000000000000e+00
0.000000000000000000e+00
0.000000000000000000e+00
0.000000000000000000e+00
0.000000000000000000e+00
0.000000000000000000e+00
0.000000000000000000e+00
0.000000000000000000e+00
0.000000000000000000e+00
0.000000000000000000e+00
0.000000000000000000e+00
0.000000000000000000e+00
0.000000000000000000e+00
0.000000000000000000e+00
0.000000000000000000e+00
0.000000000000000000e+00
0.000000000000000000e+00
0.000000000000000000e+00
0.000000000000000000e+00
0.000000000000000000e+00
0.000000000000000000e+00
0.000000000000000000e+00
0.000000000000000000e+00
0.000000000000000000e+00
0.000000000000000000e+00
0.000000000000000000e+00
0.000000000000000000e+00
0.000000000000000000e+00
0.000000000000000000e+00
0.000000000000000000e+00
0.000000000000000000e+00
0.000000000000000000e+00
0.000000000000000000e+00
0.000000000000000000e+00
0.000000000000000000e+00
0.000000000000000000e+00
0.000000000000000000e+00
0.000000000000000000e+00
0.000000000000000000e+00
0.000000000000000000e+00
0.000000000000000000e+00
0.000000000000000000e+00
0.000000000000000000e+00
0.000000000000000000e+00
0.000000000000000000e+00
0.000000000000000000e+00
0.000000000000000000e+00
0.000000000000000000e+00
0.000000000000000000e+00
0.000000000000000000e+00
0.000000000000000000e+00
0.000000000000000000e+00
0.000000000000000000e+00
0.000000000000000000e+00
0.000000000000000000e+00
0.000000000000000000e+00
0.000000000000000000e+00
0.000000000000000000e+00
0.000000000000000000e+00
0.000000000000000000e+00
0.000000000000000000e+00
0.000000000000000000e+00
0.000000000000000000e+00
0.000000000000000000e+00
0.000000000000000000e+00
0.000000000000000000e+00
0.000000000000000000e+00
0.000000000000000000e+00
0.000000000000000000e+00
0.000000000000000000e+00
0.000000000000000000e+00
0.000000000000000000e+00
0.000000000000000000e+00
0.000000000000000000e+00
0.000000000000000000e+00
0.000000000000000000e+00
0.000000000000000000e+00
0.000000000000000000e+00
0.000000000000000000e+00
0.000000000000000000e+00
0.000000000000000000e+00
0.000000000000000000e+00
0.000000000000000000e+00
0.000000000000000000e+00
0.000000000000000000e+00
0.000000000000000000e+00
0.000000000000000000e+00
0.000000000000000000e+00
0.000000000000000000e+00
0.000000000000000000e+00
0.000000000000000000e+00
0.000000000000000000e+00
0.000000000000000000e+00
0.000000000000000000e+00
0.000000000000000000e+00
0.000000000000000000e+00
0.000000000000000000e+00
0.000000000000000000e+00
0.000000000000000000e+00
0.000000000000000000e+00
0.000000000000000000e+00
0.000000000000000000e+00
0.000000000000000000e+00
0.000000000000000000e+00
0.000000000000000000e+00
0.000000000000000000e+00
0.000000000000000000e+00
0.000000000000000000e+00
0.000000000000000000e+00
0.000000000000000000e+00
0.000000000000000000e+00
0.000000000000000000e+00
0.000000000000000000e+00
0.000000000000000000e+00
0.000000000000000000e+00
0.000000000000000000e+00
0.000000000000000000e+00
0.000000000000000000e+00
0.000000000000000000e+00
0.000000000000000000e+00
0.000000000000000000e+00
0.000000000000000000e+00
0.000000000000000000e+00
0.000000000000000000e+00
0.000000000000000000e+00
0.000000000000000000e+00
0.000000000000000000e+00
0.000000000000000000e+00
0.000000000000000000e+00
0.000000000000000000e+00
0.000000000000000000e+00
0.000000000000000000e+00
0.000000000000000000e+00
0.000000000000000000e+00
0.000000000000000000e+00
0.000000000000000000e+00
0.000000000000000000e+00
0.000000000000000000e+00
0.000000000000000000e+00
0.000000000000000000e+00
0.000000000000000000e+00
0.000000000000000000e+00
0.000000000000000000e+00
0.000000000000000000e+00
0.000000000000000000e+00
0.000000000000000000e+00
0.000000000000000000e+00
0.000000000000000000e+00
0.000000000000000000e+00
0.000000000000000000e+00
0.000000000000000000e+00
0.000000000000000000e+00
0.000000000000000000e+00
0.000000000000000000e+00
0.000000000000000000e+00
0.000000000000000000e+00
0.000000000000000000e+00
0.000000000000000000e+00
0.000000000000000000e+00
0.000000000000000000e+00
0.000000000000000000e+00
0.000000000000000000e+00
0.000000000000000000e+00
0.000000000000000000e+00
0.000000000000000000e+00
0.000000000000000000e+00
0.000000000000000000e+00
0.000000000000000000e+00
0.000000000000000000e+00
0.000000000000000000e+00
0.000000000000000000e+00
0.000000000000000000e+00
0.000000000000000000e+00
0.000000000000000000e+00
0.000000000000000000e+00
0.000000000000000000e+00
0.000000000000000000e+00
0.000000000000000000e+00
0.000000000000000000e+00
0.000000000000000000e+00
0.000000000000000000e+00
0.000000000000000000e+00
0.000000000000000000e+00
0.000000000000000000e+00
0.000000000000000000e+00
0.000000000000000000e+00
0.000000000000000000e+00
0.000000000000000000e+00
0.000000000000000000e+00
0.000000000000000000e+00
0.000000000000000000e+00
0.000000000000000000e+00
0.000000000000000000e+00
0.000000000000000000e+00
0.000000000000000000e+00
0.000000000000000000e+00
0.000000000000000000e+00
0.000000000000000000e+00
0.000000000000000000e+00
0.000000000000000000e+00
0.000000000000000000e+00
0.000000000000000000e+00
0.000000000000000000e+00
0.000000000000000000e+00
0.000000000000000000e+00
0.000000000000000000e+00
0.000000000000000000e+00
0.000000000000000000e+00
0.000000000000000000e+00
0.000000000000000000e+00
0.000000000000000000e+00
0.000000000000000000e+00
0.000000000000000000e+00
0.000000000000000000e+00
0.000000000000000000e+00
0.000000000000000000e+00
0.000000000000000000e+00
0.000000000000000000e+00
0.000000000000000000e+00
0.000000000000000000e+00
0.000000000000000000e+00
0.000000000000000000e+00
0.000000000000000000e+00
0.000000000000000000e+00
0.000000000000000000e+00
0.000000000000000000e+00
0.000000000000000000e+00
0.000000000000000000e+00
0.000000000000000000e+00
0.000000000000000000e+00
0.000000000000000000e+00
0.000000000000000000e+00
0.000000000000000000e+00
0.000000000000000000e+00
0.000000000000000000e+00
0.000000000000000000e+00
0.000000000000000000e+00
0.000000000000000000e+00
0.000000000000000000e+00
0.000000000000000000e+00
0.000000000000000000e+00
0.000000000000000000e+00
0.000000000000000000e+00
0.000000000000000000e+00
