9.998870651108622276e-01
9.978851944942975782e-01
9.988601809199236792e-01
9.999124216494594819e-01
9.998563760334249206e-01
9.959464673260146617e-01
9.997472310080560698e-01
9.924463785397731330e-01
9.985478750392604574e-01
9.965950502212530537e-01
9.744159057027246273e-01
8.760456259756332908e-01
1.807036868891713222e-01
-7.475041285364002475e-01
-9.338156828883954486e-01
-6.261056766431032372e-01
3.937158980928492369e-01
9.053662685387108278e-01
9.991670180584093508e-01
9.966124213129023968e-01
9.997779318438652085e-01
9.992132534420580248e-01
9.990517101144017476e-01
9.980038788759812984e-01
9.919270784543370301e-01
9.720557494669352927e-01
9.620817748227430410e-01
9.836190013592934767e-01
9.821739336962619360e-01
9.971368923697137010e-01
9.972592597447725860e-01
9.914867103757643019e-01
9.974247589049162199e-01
9.974018012955458978e-01
9.978586149047452558e-01
9.988183814381899062e-01
9.989362616808458162e-01
9.936964919568065380e-01
9.984384055004715819e-01
9.965730371674474952e-01
9.992600453014195416e-01
9.990519818445999789e-01
9.974533895432821096e-01
9.995074348126528063e-01
9.972151504989137383e-01
9.970004165921907413e-01
9.495869658129957314e-01
6.000549318070317328e-01
-1.024897087303200255e-01
-2.862625277333066820e-01
2.154501598042892208e-01
7.551771236661177777e-01
9.893928392769877345e-01
9.982453668966426719e-01
9.972640431814380202e-01
9.936032879345439994e-01
9.957567579667208069e-01
9.936483570301604118e-01
9.977584611741358023e-01
9.928602422925080218e-01
9.911013198305955729e-01
9.985306014797941110e-01
9.953446133919655603e-01
9.882345440582696039e-01
9.996091288445044798e-01
9.950284478767720264e-01
9.964863786957802727e-01
9.985492545201964942e-01
9.953651838959650666e-01
9.933354614308834707e-01
9.986359165792938475e-01
9.937625642668951320e-01
9.999940627159101814e-01
9.995790486732373248e-01
9.993583389696071295e-01
9.944526830732965950e-01
9.945312935855441516e-01
9.844922486096879810e-01
9.979271348552762877e-01
9.984497109938837989e-01
9.988052981912564077e-01
9.891129596661073498e-01
9.375502688103088955e-01
7.434746309694060251e-01
8.030530936816141496e-01
8.704059234122875077e-01
9.880003188442160189e-01
9.930325205658785404e-01
9.961724493797580182e-01
9.933396903291302760e-01
9.992169392342732381e-01
9.957132490954585524e-01
9.948135036034848611e-01
9.997497304162098475e-01
9.977089409525413677e-01
9.937882200846468450e-01
9.953278044187466866e-01
9.895161283404803054e-01
9.986390976837861144e-01
9.967109920265886380e-01
9.992160581948504872e-01
9.986488202957718441e-01
9.971368891871273954e-01
9.986779215631256257e-01
9.882655667435712443e-01
9.984113573291472088e-01
9.999951102385206125e-01
9.954276788485726390e-01
9.998526338029533056e-01
9.919938638569796296e-01
9.999230636633079650e-01
9.734693584930995680e-01
9.475236906082478150e-01
9.234316428740186877e-01
9.836694361992636138e-01
9.994536788979001551e-01
9.984247370205875383e-01
9.967227677125216623e-01
9.825850477594617605e-01
9.950348587332746852e-01
9.920987445496002310e-01
9.976016031324729250e-01
9.773478291169003240e-01
9.156885198853941255e-01
9.328554847268499817e-01
9.950882798067831603e-01
9.984967008756604478e-01
9.939597149182012314e-01
9.894080626320957972e-01
9.857174666348327285e-01
9.901200235493933244e-01
9.781004758695446277e-01
9.840409245560216567e-01
9.910502356065856722e-01
9.889542133612856389e-01
9.987721431619516199e-01
9.981854732185485579e-01
9.989368467753904079e-01
9.987696157926566620e-01
9.944519063308424611e-01
9.980150458166401339e-01
9.995172717187835731e-01
9.931889498763566415e-01
9.993904774404996916e-01
9.943140123931792917e-01
9.667465260529991555e-01
8.169570850657283945e-01
5.954151307216009048e-01
8.052486659296413940e-01
9.442108199927052858e-01
9.894516799349692970e-01
9.993135100664303216e-01
9.969496126835789562e-01
9.996772273253285990e-01
9.980524584878217587e-01
9.947000865335369202e-01
9.598521958552017619e-01
8.010399348515344631e-01
6.195964461600712569e-01
7.371392927063745715e-01
9.330557844738133211e-01
9.908085834121203028e-01
9.908044511213822680e-01
9.822295152294436837e-01
9.582383298386096815e-01
8.853541913092294324e-01
9.069526136645432723e-01
9.296127238391866943e-01
9.892509818199866078e-01
9.943589326856838717e-01
9.997358124009108060e-01
9.996954714760298844e-01
9.887577607258347667e-01
9.998849553608742946e-01
9.920957152821858749e-01
9.903256096431320987e-01
9.938504381550991029e-01
9.939513192111975037e-01
9.978432222316744316e-01
9.387640980925794354e-01
7.395282823414288664e-01
1.921410390740352706e-02
-2.866881104702880267e-01
1.147872885735843340e-01
7.478717760992489305e-01
9.769978303018301835e-01
9.941090351385108992e-01
9.866618433067065874e-01
9.949814516820727484e-01
9.843869134025924339e-01
9.338465997819423992e-01
6.792359395375563436e-01
1.175641584333640410e-01
-2.811149685188262248e-01
1.241584855881412292e-01
6.061012486132356658e-01
9.363255157262131423e-01
9.766011606797888600e-01
9.741044268127557748e-01
8.757178683378488149e-01
5.372082797985265890e-01
3.495429912736848221e-01
5.560905575623984465e-01
9.478391171127888981e-01
9.838184398786901097e-01
9.925194216425174965e-01
9.838426070491917974e-01
9.631227375647558597e-01
9.355513737952397824e-01
9.344225169503503903e-01
9.230940307774421205e-01
9.844130173300552622e-01
9.942813526295898319e-01
9.939824396683507590e-01
9.237912662210602255e-01
3.875195133472020270e-01
-5.970948910250839514e-01
-9.301061797533634046e-01
-6.726552409830630630e-01
2.885656710186493834e-01
9.034823138662100295e-01
9.991187962383288879e-01
9.977602311971175419e-01
9.987981095757971772e-01
9.783761421394032709e-01
7.372541928566963554e-01
-5.131656248716903040e-02
-7.746418744943616153e-01
-8.768149233547183341e-01
-6.698711754817334718e-01
1.167419422427853765e-01
8.128368069023500508e-01
9.864623141613491075e-01
9.736599453336528542e-01
5.173148867266225137e-01
-5.141132896097402316e-01
-7.921088682970134354e-01
-3.338096486498485227e-01
6.950642518433647332e-01
9.422739446126494611e-01
9.788851058869262323e-01
9.284421364515823560e-01
8.329189992982962698e-01
6.443965724117128868e-01
7.556826859118898065e-01
4.228554705883103004e-01
9.081614277653650147e-01
9.932001082899021283e-01
9.922661519521636109e-01
9.417376811660169711e-01
3.112860581497781109e-01
-6.928109261362078719e-01
-9.660531576747980465e-01
-7.391147125281533059e-01
1.997843596892782680e-01
8.884876988124443820e-01
9.962291601269747110e-01
9.993794124981217886e-01
9.981446575340224836e-01
9.700171417491054715e-01
6.777290033348875031e-01
-2.662440037580645069e-01
-8.932691303470694510e-01
-9.934474773362266253e-01
-9.177935209331226085e-01
-2.090426693285273030e-01
7.570690865242684087e-01
9.844680928794596886e-01
9.205026255040108518e-01
4.080418377264126706e-01
-6.893755816228739342e-01
-9.854351839563953996e-01
-7.000830494433583073e-01
6.070789181626720099e-01
9.510578390822934658e-01
9.960717718499619844e-01
8.780967171428502027e-01
5.006381896360926342e-01
-2.417740531239163659e-01
-1.846262749216334431e-01
-1.989990559167145179e-01
7.668012362167189178e-01
9.883250484458698804e-01
9.981661778302232113e-01
9.336309874070877202e-01
6.483628948706973150e-01
-1.068309699908628722e-02
-4.565119364301358784e-01
-2.852275654855002118e-02
7.051668837938096512e-01
9.616500939376293466e-01
9.724086205795434701e-01
9.948053835436340142e-01
9.960520507212613506e-01
9.946164425469250503e-01
8.403152827854956097e-01
2.539406107202257235e-01
-5.430020730576679000e-01
-6.788643603184441044e-01
-4.931187194846402000e-01
2.314493290930605129e-01
8.069772159055957905e-01
9.745718400397455072e-01
9.471613550080130173e-01
7.160787983692344927e-01
-1.111479515657608774e-01
-5.673332094129367453e-01
-1.572141900429088190e-01
7.538758315508236052e-01
9.800674750096254328e-01
9.963732110735963321e-01
7.330354569767080219e-01
-9.612111921392460512e-02
-8.319746104944412135e-01
-8.887687837246071032e-01
-4.739567915595946923e-01
6.109026886842163773e-01
9.549503098895020248e-01
9.959044034013078139e-01
9.693980797056780396e-01
8.917767487513970082e-01
8.088700276577247550e-01
6.714919510486780929e-01
8.472886884278012509e-01
9.348971878270325719e-01
9.854209002739127143e-01
9.968673958534297608e-01
9.989581240974858556e-01
9.970829792730637742e-01
9.960823318365906731e-01
9.732909491688700454e-01
7.998320223400504636e-01
4.751069021160501116e-01
4.369031195702248183e-01
4.927643554593706399e-01
7.695142789140829720e-01
9.519767635508787906e-01
9.821470083311267807e-01
9.687306802826667340e-01
9.141800865212973415e-01
7.055113136654544981e-01
6.114826225828079442e-01
7.564262262359563449e-01
9.536604632254835900e-01
9.942185115144360763e-01
9.831681357033088542e-01
6.861151217819899673e-01
-2.224530419516373703e-01
-8.870691462165841701e-01
-9.883667803575706401e-01
-4.652350925638473189e-01
6.243915949195049109e-01
9.114873765842479436e-01
9.935879574621426791e-01
9.963618048010025596e-01
9.926551890353435548e-01
9.849508864499203487e-01
9.671485779192797727e-01
9.822383344369838287e-01
9.946714962093547996e-01
9.902533187582192031e-01
9.989354952759686990e-01
9.989594663083849468e-01
9.892718702648303220e-01
9.963213601960090315e-01
9.895503481018569358e-01
9.778257549544876470e-01
9.499195063719956256e-01
9.060875071657412683e-01
9.429556896009948508e-01
9.774142898788259481e-01
9.956714290205841422e-01
9.971297488973718259e-01
9.947895908121356934e-01
9.914608538022717799e-01
9.587170177869259735e-01
9.869945660219712202e-01
9.658710323118139263e-01
9.909883433257208329e-01
9.910513518915021747e-01
9.835308023381824638e-01
8.492970790967999672e-01
1.785024630026836034e-01
-6.514971514987145662e-01
-8.915669444440895708e-01
-6.240305008258571762e-02
6.996138819169875900e-01
9.427413048860795453e-01
9.931907762220237856e-01
9.975423351989560761e-01
9.983296681704987297e-01
9.975877039023610671e-01
9.989836870255838219e-01
9.998085439504241778e-01
9.972660204976566689e-01
9.962450464738294986e-01
9.973413893027819332e-01
9.991468266501334350e-01
9.954196089659730351e-01
9.941640134924565331e-01
9.986257146784303096e-01
9.994961972866109878e-01
9.958365883284644449e-01
9.946056684573696405e-01
9.932876687800170634e-01
9.995002487266906321e-01
9.982865927770916414e-01
9.994354124085353952e-01
9.972010739533581081e-01
9.944990488264979778e-01
9.972648437229486573e-01
9.968282734430571335e-01
9.940702865455001147e-01
9.999589658693717187e-01
9.989978108094054177e-01
9.961659503755552203e-01
9.733728102260484905e-01
7.524086729392194250e-01
3.534026072264545570e-02
-3.792603248396552718e-01
7.453795074593997372e-01
8.823710339610896236e-01
9.718519819452287045e-01
9.953193507850144339e-01
9.753832504690280736e-01
9.519241936076197064e-01
9.464160436391566567e-01
9.668447954502789043e-01
9.903939327421397154e-01
9.973167020603697086e-01
9.986529187461578028e-01
9.996310838910461571e-01
9.913795513145815530e-01
9.910545066871729869e-01
9.997113861921045341e-01
9.989325385305819482e-01
9.946994421267423281e-01
9.997196700885836451e-01
9.962568540595055921e-01
9.885380852049071576e-01
9.924620103591706988e-01
9.966212443491343498e-01
9.950585206605913058e-01
9.934304450643353102e-01
9.879581576344614868e-01
9.915562897726769576e-01
9.846893550496033098e-01
9.861700613701417373e-01
9.992417114041759474e-01
9.954433086317806545e-01
9.990012782016949311e-01
9.933838243288456438e-01
9.284999555708085550e-01
8.190363144831979136e-01
6.296415107246537968e-01
9.737646285641379240e-01
9.736850286738052418e-01
9.959802098597956288e-01
9.856124916396582503e-01
8.584077742874578476e-01
5.363843730931528997e-01
4.691738384019242258e-01
7.226357899817630326e-01
9.056055557805603451e-01
9.989384800544457432e-01
9.977746919624590483e-01
9.966341309285742245e-01
9.993117023623768747e-01
9.989541009873319499e-01
9.959122083182341267e-01
9.979585256601366527e-01
9.973735385705337908e-01
9.986386894524930113e-01
9.897492725622560883e-01
9.990728895999438919e-01
9.743746166120443863e-01
9.815273022043772277e-01
9.979410364063772132e-01
9.925490914854042668e-01
9.735264250056376856e-01
9.520323931763936542e-01
9.141409129060690253e-01
9.193108571140657936e-01
9.841618646420000616e-01
9.856243013029079014e-01
9.954257844671527966e-01
9.980490812164644066e-01
9.925081265593361790e-01
9.736480206057023246e-01
9.600657758975776890e-01
9.889507653433083911e-01
9.878072481358284307e-01
9.832039365591106472e-01
8.354808760960492631e-01
1.772749795333655176e-01
-5.270229607249377057e-01
-7.523540159915166337e-01
-1.846318507424440647e-01
5.892632046753832897e-01
9.489240488771314430e-01
9.994080499734707690e-01
9.953960345219320383e-01
9.999533520509065188e-01
9.991947235904206082e-01
9.972288238057763765e-01
9.980096617403018122e-01
9.999204672707764363e-01
9.996416624790543937e-01
9.928473953877062774e-01
9.889151518845021860e-01
9.916322712558628405e-01
9.988643114153009650e-01
9.899879676792677774e-01
9.564688780710287608e-01
7.777065910942966287e-01
5.932360674741224971e-01
3.769211228727123997e-01
6.221234810992982700e-01
8.455912622120607125e-01
9.612408993064096574e-01
9.954325276305686643e-01
9.953044458916670001e-01
9.998408236634299673e-01
9.939162770291212201e-01
9.909291423526563891e-01
9.977800102232876611e-01
9.965628470850834697e-01
9.552112903657973275e-01
6.737809746980747416e-01
-3.653414350180742565e-01
-9.170822656048184252e-01
-9.825807898877580993e-01
-6.675148102276091677e-01
3.181900865160701697e-01
9.208093717203350570e-01
9.916841017704471906e-01
9.976088428815886866e-01
9.926741498620409443e-01
9.935309428818611677e-01
9.947660044375217225e-01
9.861737379081558785e-01
9.948478845344543853e-01
9.999323943969277151e-01
9.964844498978256970e-01
9.924526538798953412e-01
9.940321236416044259e-01
9.956204640731312061e-01
9.804208043795217264e-01
9.133264313561165748e-01
4.260265966179622166e-01
-5.538875017067496076e-01
-6.936119511923836134e-01
-3.608209288391631131e-01
4.662235511623242235e-01
8.974413131891840756e-01
9.899467199704544695e-01
9.996482566613755782e-01
9.962495298550505529e-01
9.972403704177459360e-01
9.997699604249111749e-01
9.963159139723074542e-01
9.875638897635153901e-01
9.737922642199283718e-01
7.392126159908096739e-01
2.264005569664050838e-02
-5.688622381874770539e-01
-6.930626851541592526e-01
-2.838875845979558221e-01
6.230954406214416208e-01
9.607696020306970563e-01
9.890473175396951033e-01
9.961484667524741488e-01
9.918170810923098157e-01
9.704718733335867542e-01
9.343156089445142642e-01
9.247252696603411870e-01
9.830638895147227885e-01
9.891381513811221549e-01
9.988109396944373497e-01
9.986000738990818970e-01
9.988992030293882829e-01
9.981685614837741971e-01
9.831622499069625487e-01
8.817414433069339363e-01
3.117686569788357120e-01
-6.927623305276823240e-01
-9.893332638661200829e-01
-8.928435887265325777e-01
-1.078498020733479126e-02
8.289435569082981292e-01
9.772338153127152482e-01
9.942709140676805335e-01
9.973754217375677689e-01
9.963941272520805414e-01
9.939111606092313478e-01
9.988919441858599146e-01
9.990033890863844190e-01
9.907770207559545295e-01
9.593911550745264361e-01
8.010649468369371862e-01
5.840059328763014257e-01
4.655462283084875197e-01
6.629391228340997255e-01
8.905715654733108444e-01
9.781081131187232547e-01
9.905305314943637640e-01
9.948951755824920751e-01
9.067860577576816183e-01
7.213397419032177016e-01
5.617308200746943259e-01
4.788895521595818994e-01
8.476515634089174522e-01
9.663585634135418712e-01
9.982633223732169103e-01
9.905800322996606289e-01
9.970635263986762364e-01
9.969288096908502927e-01
9.861477709224485411e-01
9.425597967732186611e-01
6.485952529827456736e-01
-3.387134330537888705e-01
-8.180237379800386899e-01
-6.064774126877187088e-01
2.871622144994424586e-01
8.862351761032624120e-01
9.762017203154482736e-01
9.983972643369370958e-01
9.972002796856790363e-01
9.965196435976462208e-01
9.997498700070369670e-01
9.995140245203972817e-01
9.949734016139709647e-01
9.998053088853340320e-01
9.997130494783582622e-01
9.695762596677712786e-01
9.540337314007060199e-01
9.165449720088929553e-01
9.544811833789410560e-01
9.898232016206106598e-01
9.963420245415249843e-01
9.983040558290110500e-01
9.009852877046149455e-01
6.401864360622131489e-01
-3.128546326111137504e-02
-5.763157770638528410e-01
-5.298104020375270506e-01
3.744506430632981719e-01
8.786599417874147999e-01
9.774372083442578463e-01
9.976217128290696401e-01
9.990910311874713345e-01
9.995593179880126744e-01
9.977478313626626516e-01
9.911511358279453399e-01
9.256861278635083456e-01
4.593208233766466475e-01
4.428701702966376789e-04
2.361725705215363957e-01
7.858450908761113185e-01
9.596993569163533300e-01
9.819817596611463140e-01
9.977795853742648102e-01
9.974035241600890389e-01
9.977997435801455595e-01
9.970498299161593136e-01
9.997161272730743509e-01
9.900389318779698744e-01
9.973005562660891554e-01
9.970502965882309665e-01
9.976390658161867764e-01
9.903275282127437240e-01
9.792367888551714028e-01
9.958650161322361027e-01
9.995659814697143153e-01
9.975636166521073545e-01
9.734998276426550801e-01
8.168797979194565295e-01
2.572249078835683878e-01
-7.001670172429974581e-01
-9.641296018869057738e-01
-8.054155876694782945e-01
4.613264884998420634e-02
8.048912807573733730e-01
9.868609358871074377e-01
9.954966030505441044e-01
9.926067250638901385e-01
9.944683038943528119e-01
9.986415299177106020e-01
9.991359032017019803e-01
9.680291933055159559e-01
9.046533798644560420e-01
8.064029030555914801e-01
8.807520978618511576e-01
9.721033416040296693e-01
9.945642848122141499e-01
9.839376196313573963e-01
9.920073614910469573e-01
9.987157783800667543e-01
9.991290726572998881e-01
9.997664102547232368e-01
0.000000000000000000e+00
0.000000000000000000e+00
0.000000000000000000e+00
0.000000000000000000e+00
0.000000000000000000e+00
0.000000000000000000e+00
0.000000000000000000e+00
0.000000000000000000e+00
0.000000000000000000e+00
0.000000000000000000e+00
0.000000000000000000e+00
0.000000000000000000e+00
0.000000000000000000e+00
0.000000000000000000e+00
0.000000000000000000e+00
0.000000000000000000e+00
0.000000000000000000e+00
0.000000000000000000e+00
0.000000000000000000e+00
0.000000000000000000e+00
0.000000000000000000e+00
0.000000000000000000e+00
0.000000000000000000e+00
0.000000000000000000e+00
0.000000000000000000e+00
0.000000000000000000e+00
0.000000000000000000e+00
0.000000000000000000e+00
0.000000000000000000e+00
0.000000000000000000e+00
0.000000000000000000e+00
0.000000000000000000e+00
0.000000000000000000e+00
0.000000000000000000e+00
0.000000000000000000e+00
0.000000000000000000e+00
0.000000000000000000e+00
0.000000000000000000e+00
0.000000000000000000e+00
0.000000000000000000e+00
0.000000000000000000e+00
0.000000000000000000e+00
0.000000000000000000e+00
0.000000000000000000e+00
0.000000000000000000e+00
0.000000000000000000e+00
0.000000000000000000e+00
0.000000000000000000e+00
0.000000000000000000e+00
0.000000000000000000e+00
0.000000000000000000e+00
0.000000000000000000e+00
0.000000000000000000e+00
0.000000000000000000e+00
0.000000000000000000e+00
0.000000000000000000e+00
0.000000000000000000e+00
0.000000000000000000e+00
0.000000000000000000e+00
0.000000000000000000e+00
0.000000000000000000e+00
0.000000000000000000e+00
0.000000000000000000e+00
0.000000000000000000e+00
0.000000000000000000e+00
0.000000000000000000e+00
0.000000000000000000e+00
0.000000000000000000e+00
0.000000000000000000e+00
0.000000000000000000e+00
0.000000000000000000e+00
0.000000000000000000e+00
0.000000000000000000e+00
0.000000000000000000e+00
0.000000000000000000e+00
0.000000000000000000e+00
0.000000000000000000e+00
0.000000000000000000e+00
0.000000000000000000e+00
0.000000000000000000e+00
0.000000000000000000e+00
0.000000000000000000e+00
0.000000000000000000e+00
0.000000000000000000e+00
0.000000000000000000e+00
0.000000000000000000e+00
0.000000000000000000e+00
0.000000000000000000e+00
0.000000000000000000e+00
0.000000000000000000e+00
0.000000000000000000e+00
0.000000000000000000e+00
0.000000000000000000e+00
0.000000000000000000e+00
0.000000000000000000e+00
0.000000000000000000e+00
0.000000000000000000e+00
0.000000000000000000e+00
0.000000000000000000e+00
0.000000000000000000e+00
0.000000000000000000e+00
0.000000000000000000e+00
0.000000000000000000e+00
0.000000000000000000e+00
0.000000000000000000e+00
0.000000000000000000e+00
0.000000000000000000e+00
0.000000000000000000e+00
0.000000000000000000e+00
0.000000000000000000e+00
0.000000000000000000e+00
0.000000000000000000e+00
0.000000000000000000e+00
0.000000000000000000e+00
0.000000000000000000e+00
0.000000000000000000e+00
0.000000000000000000e+00
0.000000000000000000e+00
0.000000000000000000e+00
0.000000000000000000e+00
0.000000000000000000e+00
0.000000000000000000e+00
0.000000000000000000e+00
0.000000000000000000e+00
0.000000000000000000e+00
0.000000000000000000e+00
0.000000000000000000e+00
0.000000000000000000e+00
0.000000000000000000e+00
0.000000000000000000e+00
0.000000000000000000e+00
0.000000000000000000e+00
0.000000000000000000e+00
0.000000000000000000e+00
0.000000000000000000e+00
0.000000000000000000e+00
0.000000000000000000e+00
0.000000000000000000e+00
0.000000000000000000e+00
0.000000000000000000e+00
0.000000000000000000e+00
0.000000000000000000e+00
0.000000000000000000e+00
0.000000000000000000e+00
0.000000000000000000e+00
0.000000000000000000e+00
0.000000000000000000e+00
0.000000000000000000e+00
0.000000000000000000e+00
0.000000000000000000e+00
0.000000000000000000e+00
0.000000000000000000e+00
0.000000000000000000e+00
0.000000000000000000e+00
0.000000000000000000e+00
0.000000000000000000e+00
0.000000000000000000e+00
0.000000000000000000e+00
0.000000000000000000e+00
0.000000000000000000e+00
0.000000000000000000e+00
0.000000000000000000e+00
0.000000000000000000e+00
0.000000000000000000e+00
0.000000000000000000e+00
0.000000000000000000e+00
0.000000000000000000e+00
0.000000000000000000e+00
0.000000000000000000e+00
0.000000000000000000e+00
0.000000000000000000e+00
0.000000000000000000e+00
0.000000000000000000e+00
0.000000000000000000e+00
0.000000000000000000e+00
0.000000000000000000e+00
0.000000000000000000e+00
0.000000000000000000e+00
0.000000000000000000e+00
0.000000000000000000e+00
0.000000000000000000e+00
0.000000000000000000e+00
0.000000000000000000e+00
0.000000000000000000e+00
0.000000000000000000e+00
0.000000000000000000e+00
0.000000000000000000e+00
0.000000000000000000e+00
0.000000000000000000e+00
0.000000000000000000e+00
0.000000000000000000e+00
0.000000000000000000e+00
0.000000000000000000e+00
0.000000000000000000e+00
0.000000000000000000e+00
0.000000000000000000e+00
0.000000000000000000e+00
0.000000000000000000e+00
0.000000000000000000e+00
0.000000000000000000e+00
0.000000000000000000e+00
0.000000000000000000e+00
0.000000000000000000e+00
0.000000000000000000e+00
0.000000000000000000e+00
0.000000000000000000e+00
0.000000000000000000e+00
0.000000000000000000e+00
0.000000000000000000e+00
0.000000000000000000e+00
0.000000000000000000e+00
0.000000000000000000e+00
0.000000000000000000e+00
0.000000000000000000e+00
0.000000000000000000e+00
0.000000000000000000e+00
0.000000000000000000e+00
0.000000000000000000e+00
0.000000000000000000e+00
0.000000000000000000e+00
0.000000000000000000e+00
0.000000000000000000e+00
0.000000000000000000e+00
0.000000000000000000e+00
0.000000000000000000e+00
0.000000000000000000e+00
0.000000000000000000e+00
0.000000000000000000e+00
0.000000000000000000e+00
0.000000000000000000e+00
0.000000000000000000e+00
0.000000000000000000e+00
0.000000000000000000e+00
0.000000000000000000e+00
0.000000000000000000e+00
0.000000000000000000e+00
0.000000000000000000e+00
0.000000000000000000e+00
0.000000000000000000e+00
0.000000000000000000e+00
0.000000000000000000e+00
0.000000000000000000e+00
0.000000000000000000e+00
0.000000000000000000e+00
0.000000000000000000e+00
0.000000000000000000e+00
0.000000000000000000e+00
0.000000000000000000e+00
0.000000000000000000e+00
0.000000000000000000e+00
0.000000000000000000e+00
0.000000000000000000e+00
0.000000000000000000e+00
0.000000000000000000e+00
0.000000000000000000e+00
0.000000000000000000e+00
0.000000000000000000e+00
0.000000000000000000e+00
0.000000000000000000e+00
0.000000000000000000e+00
0.000000000000000000e+00
0.000000000000000000e+00
0.000000000000000000e+00
0.000000000000000000e+00
0.000000000000000000e+00
0.000000000000000000e+00
0.000000000000000000e+00
0.000000000000000000e+00
0.000000000000000000e+00
0.000000000000000000e+00
0.000000000000000000e+00
0.000000000000000000e+00
0.000000000000000000e+00
0.000000000000000000e+00
0.000000000000000000e+00
0.000000000000000000e+00
0.000000000000000000e+00
0.000000000000000000e+00
0.000000000000000000e+00
0.000000000000000000e+00
0.000000000000000000e+00
0.000000000000000000e+00
0.000000000000000000e+00
0.000000000000000000e+00
0.000000000000000000e+00
0.000000000000000000e+00
0.000000000000000000e+00
0.000000000000000000e+00
0.000000000000000000e+00
0.000000000000000000e+00
0.000000000000000000e+00
0.000000000000000000e+00
0.000000000000000000e+00
0.000000000000000000e+00
0.000000000000000000e+00
0.000000000000000000e+00
0.000000000000000000e+00
0.000000000000000000e+00
0.000000000000000000e+00
0.000000000000000000e+00
0.000000000000000000e+00
0.000000000000000000e+00
0.000000000000000000e+00
0.000000000000000000e+00
0.000000000000000000e+00
0.000000000000000000e+00
0.000000000000000000e+00
0.000000000000000000e+00
0.000000000000000000e+00
0.000000000000000000e+00
0.000000000000000000e+00
0.000000000000000000e+00
0.000000000000000000e+00
0.000000000000000000e+00
0.000000000000000000e+00
0.000000000000000000e+00
0.000000000000000000e+00
0.000000000000000000e+00
0.000000000000000000e+00
0.000000000000000000e+00
0.000000000000000000e+00
0.000000000000000000e+00
0.000000000000000000e+00
0.000000000000000000e+00
0.000000000000000000e+00
0.000000000000000000e+00
0.000000000000000000e+00
0.000000000000000000e+00
0.000000000000000000e+00
0.000000000000000000e+00
0.000000000000000000e+00
0.000000000000000000e+00
0.000000000000000000e+00
0.000000000000000000e+00
0.000000000000000000e+00
0.000000000000000000e+00
0.000000000000000000e+00
0.000000000000000000e+00
0.000000000000000000e+00
0.000000000000000000e+00
0.000000000000000000e+00
0.000000000000000000e+00
0.000000000000000000e+00
0.000000000000000000e+00
0.000000000000000000e+00
0.000000000000000000e+00
0.000000000000000000e+00
0.000000000000000000e+00
0.000000000000000000e+00
0.000000000000000000e+00
0.000000000000000000e+00
0.000000000000000000e+00
0.000000000000000000e+00
0.000000000000000000e+00
0.000000000000000000e+00
0.000000000000000000e+00
0.000000000000000000e+00
0.000000000000000000e+00
0.000000000000000000e+00
0.000000000000000000e+00
0.000000000000000000e+00
0.000000000000000000e+00
0.000000000000000000e+00
0.000000000000000000e+00
0.000000000000000000e+00
0.000000000000000000e+00
0.000000000000000000e+00
0.000000000000000000e+00
0.000000000000000000e+00
0.000000000000000000e+00
0.000000000000000000e+00
0.000000000000000000e+00
0.000000000000000000e+00
0.000000000000000000e+00
0.000000000000000000e+00
0.000000000000000000e+00
0.000000000000000000e+00
0.000000000000000000e+00
0.000000000000000000e+00
0.000000000000000000e+00
0.000000000000000000e+00
0.000000000000000000e+00
0.000000000000000000e+00
0.000000000000000000e+00
0.000000000000000000e+00
0.000000000000000000e+00
0.000000000000000000e+00
0.000000000000000000e+00
0.000000000000000000e+00
0.000000000000000000e+00
0.000000000000000000e+00
0.000000000000000000e+00
0.000000000000000000e+00
0.000000000000000000e+00
0.000000000000000000e+00
0.000000000000000000e+00
0.000000000000000000e+00
0.000000000000000000e+00
0.000000000000000000e+00
0.000000000000000000e+00
0.000000000000000000e+00
0.000000000000000000e+00
0.000000000000000000e+00
0.000000000000000000e+00
0.000000000000000000e+00
0.000000000000000000e+00
0.000000000000000000e+00
0.000000000000000000e+00
0.000000000000000000e+00
0.000000000000000000e+00
0.000000000000000000e+00
0.000000000000000000e+00
0.000000000000000000e+00
0.000000000000000000e+00
0.000000000000000000e+00
0.000000000000000000e+00
0.000000000000000000e+00
0.000000000000000000e+00
0.000000000000000000e+00
0.000000000000000000e+00
0.000000000000000000e+00
0.000000000000000000e+00
0.000000000000000000e+00
0.000000000000000000e+00
0.000000000000000000e+00
0.000000000000000000e+00
0.000000000000000000e+00
0.000000000000000000e+00
0.000000000000000000e+00
0.000000000000000000e+00
0.000000000000000000e+00
0.000000000000000000e+00
0.000000000000000000e+00
0.000000000000000000e+00
0.000000000000000000e+00
0.000000000000000000e+00
0.000000000000000000e+00
0.000000000000000000e+00
0.000000000000000000e+00
0.000000000000000000e+00
0.000000000000000000e+00
0.000000000000000000e+00
0.000000000000000000e+00
0.000000000000000000e+00
0.000000000000000000e+00
0.000000000000000000e+00
0.000000000000000000e+00
0.000000000000000000e+00
0.000000000000000000e+00
0.000000000000000000e+00
0.000000000000000000e+00
0.000000000000000000e+00
0.000000000000000000e+00
0.000000000000000000e+00
0.000000000000000000e+00
0.000000000000000000e+00
0.000000000000000000e+00
0.000000000000000000e+00
0.000000000000000000e+00
0.000000000000000000e+00
0.000000000000000000e+00
0.000000000000000000e+00
0.000000000000000000e+00
0.000000000000000000e+00
0.000000000000000000e+00
0.000000000000000000e+00
0.000000000000000000e+00
0.000000000000000000e+00
0.000000000000000000e+00
0.000000000000000000e+00
0.000000000000000000e+00
0.000000000000000000e+00
0.000000000000000000e+00
0.000000000000000000e+00
0.000000000000000000e+00
0.000000000000000000e+00
0.000000000000000000e+00
0.000000000000000000e+00
0.000000000000000000e+00
0.000000000000000000e+00
0.000000000000000000e+00
0.000000000000000000e+00
0.000000000000000000e+00
0.000000000000000000e+00
0.000000000000000000e+00
0.000000000000000000e+00
0.000000000000000000e+00
0.000000000000000000e+00
0.000000000000000000e+00
0.000000000000000000e+00
0.000000000000000000e+00
0.000000000000000000e+00
0.000000000000000000e+00
0.000000000000000000e+00
0.000000000000000000e+00
0.000000000000000000e+00
0.000000000000000000e+00
0.000000000000000000e+00
0.000000000000000000e+00
0.000000000000000000e+00
0.000000000000000000e+00
0.000000000000000000e+00
0.000000000000000000e+00
0.000000000000000000e+00
0.000000000000000000e+00
0.000000000000000000e+00
0.000000000000000000e+00
0.000000000000000000e+00
0.000000000000000000e+00
0.000000000000000000e+00
0.000000000000000000e+00
0.000000000000000000e+00
0.000000000000000000e+00
0.000000000000000000e+00
0.000000000000000000e+00
0.000000000000000000e+00
0.000000000000000000e+00
0.000000000000000000e+00
0.000000000000000000e+00
0.000000000000000000e+00
0.000000000000000000e+00
0.000000000000000000e+00
0.000000000000000000e+00
0.000000000000000000e+00
0.000000000000000000e+00
0.000000000000000000e+00
0.000000000000000000e+00
0.000000000000000000e+00
0.000000000000000000e+00
0.000000000000000000e+00
0.000000000000000000e+00
0.000000000000000000e+00
0.000000000000000000e+00
0.000000000000000000e+00
0.000000000000000000e+00
0.000000000000000000e+00
0.000000000000000000e+00
0.000000000000000000e+00
0.000000000000000000e+00
0.000000000000000000e+00
0.000000000000000000e+00
0.000000000000000000e+00
0.000000000000000000e+00
0.000000000000000000e+00
0.000000000000000000e+00
0.000000000000000000e+00
0.000000000000000000e+00
0.000000000000000000e+00
0.000000000000000000e+00
0.000000000000000000e+00
0.000000000000000000e+00
0.000000000000000000e+00
0.000000000000000000e+00
0.000000000000000000e+00
0.000000000000000000e+00
0.000000000000000000e+00
0.000000000000000000e+00
0.000000000000000000e+00
0.000000000000000000e+00
0.000000000000000000e+00
0.000000000000000000e+00
0.000000000000000000e+00
0.000000000000000000e+00
0.000000000000000000e+00
0.000000000000000000e+00
0.000000000000000000e+00
0.000000000000000000e+00
0.000000000000000000e+00
0.000000000000000000e+00
0.000000000000000000e+00
0.000000000000000000e+00
0.000000000000000000e+00
0.000000000000000000e+00
0.000000000000000000e+00
0.000000000000000000e+00
0.000000000000000000e+00
0.000000000000000000e+00
0.000000000000000000e+00
0.000000000000000000e+00
0.000000000000000000e+00
0.000000000000000000e+00
0.000000000000000000e+00
0.000000000000000000e+00
0.000000000000000000e+00
0.000000000000000000e+00
0.000000000000000000e+00
0.000000000000000000e+00
0.000000000000000000e+00
0.000000000000000000e+00
0.000000000000000000e+00
0.000000000000000000e+00
0.000000000000000000e+00
0.000000000000000000e+00
0.000000000000000000e+00
0.000000000000000000e+00
0.000000000000000000e+00
0.000000000000000000e+00
0.000000000000000000e+00
0.000000000000000000e+00
0.000000000000000000e+00
0.000000000000000000e+00
0.000000000000000000e+00
0.000000000000000000e+00
0.000000000000000000e+00
0.000000000000000000e+00
0.000000000000000000e+00
0.000000000000000000e+00
0.000000000000000000e+00
0.000000000000000000e+00
0.000000000000000000e+00
0.000000000000000000e+00
0.000000000000000000e+00
0.000000000000000000e+00
0.000000000000000000e+00
0.000000000000000000e+00
0.000000000000000000e+00
0.000000000000000000e+00
0.000000000000000000e+00
0.000000000000000000e+00
0.000000000000000000e+00
0.000000000000000000e+00
0.000000000000000000e+00
0.000000000000000000e+00
0.000000000000000000e+00
0.000000000000000000e+00
0.000000000000000000e+00
0.000000000000000000e+00
0.000000000000000000e+00
0.000000000000000000e+00
0.000000000000000000e+00
0.000000000000000000e+00
0.000000000000000000e+00
0.000000000000000000e+00
0.000000000000000000e+00
0.000000000000000000e+00
0.000000000000000000e+00
0.000000000000000000e+00
0.000000000000000000e+00
0.000000000000000000e+00
0.000000000000000000e+00
0.000000000000000000e+00
0.000000000000000000e+00
0.000000000000000000e+00
0.000000000000000000e+00
0.000000000000000000e+00
0.000000000000000000e+00
0.000000000000000000e+00
0.000000000000000000e+00
0.000000000000000000e+00
0.000000000000000000e+00
0.000000000000000000e+00
0.000000000000000000e+00
0.000000000000000000e+00
0.000000000000000000e+00
0.000000000000000000e+00
0.000000000000000000e+00
0.000000000000000000e+00
0.000000000000000000e+00
0.000000000000000000e+00
0.000000000000000000e+00
0.000000000000000000e+00
0.000000000000000000e+00
0.000000000000000000e+00
0.000000000000000000e+00
0.000000000000000000e+00
0.000000000000000000e+00
0.000000000000000000e+00
0.000000000000000000e+00
0.000000000000000000e+00
0.000000000000000000e+00
0.000000000000000000e+00
0.000000000000000000e+00
0.000000000000000000e+00
0.000000000000000000e+00
0.000000000000000000e+00
0.000000000000000000e+00
0.000000000000000000e+00
0.000000000000000000e+00
0.000000000000000000e+00
0.000000000000000000e+00
0.000000000000000000e+00
0.000000000000000000e+00
0.000000000000000000e+00
0.000000000000000000e+00
0.000000000000000000e+00
0.000000000000000000e+00
0.000000000000000000e+00
0.000000000000000000e+00
0.000000000000000000e+00
0.000000000000000000e+00
0.000000000000000000e+00
0.000000000000000000e+00
0.000000000000000000e+00
0.000000000000000000e+00
0.000000000000000000e+00
0.000000000000000000e+00
0.000000000000000000e+00
0.000000000000000000e+00
0.000000000000000000e+00
0.000000000000000000e+00
0.000000000000000000e+00
0.000000000000000000e+00
0.000000000000000000e+00
0.000000000000000000e+00
0.000000000000000000e+00
0.000000000000000000e+00
0.000000000000000000e+00
0.000000000000000000e+00
0.000000000000000000e+00
0.000000000000000000e+00
0.000000000000000000e+00
0.000000000000000000e+00
0.000000000000000000e+00
0.000000000000000000e+00
0.000000000000000000e+00
0.000000000000000000e+00
0.000000000000000000e+00
0.000000000000000000e+00
0.000000000000000000e+00
0.000000000000000000e+00
0.000000000000000000e+00
0.000000000000000000e+00
0.000000000000000000e+00
0.000000000000000000e+00
0.000000000000000000e+00
0.000000000000000000e+00
0.000000000000000000e+00
0.000000000000000000e+00
0.000000000000000000e+00
0.000000000000000000e+00
0.000000000000000000e+00
0.000000000000000000e+00
0.000000000000000000e+00
0.000000000000000000e+00
0.000000000000000000e+00
0.000000000000000000e+00
0.000000000000000000e+00
0.000000000000000000e+00
0.000000000000000000e+00
0.000000000000000000e+00
0.000000000000000000e+00
0.000000000000000000e+00
0.000000000000000000e+00
0.000000000000000000e+00
0.000000000000000000e+00
0.000000000000000000e+00
0.000000000000000000e+00
0.000000000000000000e+00
0.000000000000000000e+00
0.000000000000000000e+00
0.000000000000000000e+00
0.000000000000000000e+00
0.000000000000000000e+00
0.000000000000000000e+00
0.000000000000000000e+00
0.000000000000000000e+00
0.000000000000000000e+00
0.000000000000000000e+00
0.000000000000000000e+00
0.000000000000000000e+00
0.000000000000000000e+00
0.000000000000000000e+00
0.000000000000000000e+00
0.000000000000000000e+00
0.000000000000000000e+00
0.000000000000000000e+00
0.000000000000000000e+00
0.000000000000000000e+00
0.000000000000000000e+00
0.000000000000000000e+00
0.000000000000000000e+00
0.000000000000000000e+00
0.000000000000000000e+00
0.000000000000000000e+00
0.000000000000000000e+00
0.000000000000000000e+00
0.000000000000000000e+00
0.000000000000000000e+00
0.000000000000000000e+00
0.000000000000000000e+00
0.000000000000000000e+00
0.000000000000000000e+00
0.000000000000000000e+00
0.000000000000000000e+00
0.000000000000000000e+00
0.000000000000000000e+00
0.000000000000000000e+00
0.000000000000000000e+00
0.000000000000000000e+00
0.000000000000000000e+00
0.000000000000000000e+00
0.000000000000000000e+00
0.000000000000000000e+00
0.000000000000000000e+00
0.000000000000000000e+00
0.000000000000000000e+00
0.000000000000000000e+00
0.000000000000000000e+00
0.000000000000000000e+00
0.000000000000000000e+00
0.000000000000000000e+00
0.000000000000000000e+00
0.000000000000000000e+00
0.000000000000000000e+00
0.000000000000000000e+00
0.000000000000000000e+00
0.000000000000000000e+00
0.000000000000000000e+00
0.000000000000000000e+00
0.000000000000000000e+00
0.000000000000000000e+00
0.000000000000000000e+00
0.000000000000000000e+00
0.000000000000000000e+00
0.000000000000000000e+00
0.000000000000000000e+00
0.000000000000000000e+00
0.000000000000000000e+00
0.000000000000000000e+00
0.000000000000000000e+00
0.000000000000000000e+00
0.000000000000000000e+00
0.000000000000000000e+00
0.000000000000000000e+00
0.000000000000000000e+00
0.000000000000000000e+00
0.000000000000000000e+00
0.000000000000000000e+00
0.000000000000000000e+00
0.000000000000000000e+00
0.000000000000000000e+00
0.000000000000000000e+00
0.000000000000000000e+00
0.000000000000000000e+00
0.000000000000000000e+00
0.000000000000000000e+00
0.000000000000000000e+00
0.000000000000000000e+00
0.000000000000000000e+00
0.000000000000000000e+00
0.000000000000000000e+00
0.000000000000000000e+00
0.000000000000000000e+00
0.000000000000000000e+00
0.000000000000000000e+00
0.000000000000000000e+00
0.000000000000000000e+00
0.000000000000000000e+00
0.000000000000000000e+00
0.000000000000000000e+00
0.000000000000000000e+00
0.000000000000000000e+00
0.000000000000000000e+00
0.000000000000000000e+00
0.000000000000000000e+00
0.000000000000000000e+00
0.000000000000000000e+00
0.000000000000000000e+00
0.000000000000000000e+00
0.000000000000000000e+00
0.000000000000000000e+00
0.000000000000000000e+00
0.000000000000000000e+00
0.000000000000000000e+00
0.000000000000000000e+00
0.000000000000000000e+00
0.000000000000000000e+00
0.000000000000000000e+00
0.000000000000000000e+00
0.000000000000000000e+00
0.000000000000000000e+00
0.000000000000000000e+00
0.000000000000000000e+00
0.000000000000000000e+00
0.000000000000000000e+00
0.000000000000000000e+00
0.000000000000000000e+00
0.000000000000000000e+00
0.000000000000000000e+00
0.000000000000000000e+00
0.000000000000000000e+00
0.000000000000000000e+00
0.000000000000000000e+00
0.000000000000000000e+00
0.000000000000000000e+00
0.000000000000000000e+00
0.000000000000000000e+00
0.000000000000000000e+00
0.000000000000000000e+00
0.000000000000000000e+00
0.000000000000000000e+00
0.000000000000000000e+00
0.000000000000000000e+00
0.000000000000000000e+00
0.000000000000000000e+00
0.000000000000000000e+00
0.000000000000000000e+00
0.000000000000000000e+00
0.000000000000000000e+00
0.000000000000000000e+00
0.000000000000000000e+00
0.000000000000000000e+00
0.000000000000000000e+00
0.000000000000000000e+00
0.000000000000000000e+00
0.000000000000000000e+00
0.000000000000000000e+00
0.000000000000000000e+00
0.000000000000000000e+00
0.000000000000000000e+00
0.000000000000000000e+00
0.000000000000000000e+00
0.000000000000000000e+00
0.000000000000000000e+00
0.000000000000000000e+00
0.000000000000000000e+00
0.000000000000000000e+00
0.000000000000000000e+00
0.000000000000000000e+00
0.000000000000000000e+00
0.000000000000000000e+00
0.000000000000000000e+00
0.000000000000000000e+00
0.000000000000000000e+00
0.000000000000000000e+00
0.000000000000000000e+00
0.000000000000000000e+00
0.000000000000000000e+00
0.000000000000000000e+00
0.000000000000000000e+00
0.000000000000000000e+00
0.000000000000000000e+00
0.000000000000000000e+00
0.000000000000000000e+00
0.000000000000000000e+00
0.000000000000000000e+00
0.000000000000000000e+00
0.000000000000000000e+00
0.000000000000000000e+00
0.000000000000000000e+00
0.000000000000000000e+00
0.000000000000000000e+00
0.000000000000000000e+00
0.000000000000000000e+00
0.000000000000000000e+00
0.000000000000000000e+00
0.000000000000000000e+00
0.000000000000000000e+00
0.000000000000000000e+00
0.000000000000000000e+00
0.000000000000000000e+00
0.000000000000000000e+00
0.000000000000000000e+00
0.000000000000000000e+00
0.000000000000000000e+00
0.000000000000000000e+00
0.000000000000000000e+00
0.000000000000000000e+00
0.000000000000000000e+00
0.000000000000000000e+00
0.000000000000000000e+00
0.000000000000000000e+00
0.000000000000000000e+00
0.000000000000000000e+00
0.000000000000000000e+00
0.000000000000000000e+00
0.000000000000000000e+00
0.000000000000000000e+00
0.000000000000000000e+00
0.000000000000000000e+00
0.000000000000000000e+00
0.000000000000000000e+00
0.000000000000000000e+00
0.000000000000000000e+00
0.000000000000000000e+00
0.000000000000000000e+00
0.000000000000000000e+00
0.000000000000000000e+00
0.000000000000000000e+00
0.000000000000000000e+00
0.000000000000000000e+00
0.000000000000000000e+00
0.000000000000000000e+00
0.000000000000000000e+00
0.000000000000000000e+00
0.000000000000000000e+00
0.000000000000000000e+00
0.000000000000000000e+00
0.000000000000000000e+00
0.000000000000000000e+00
0.000000000000000000e+00
0.000000000000000000e+00
0.000000000000000000e+00
0.000000000000000000e+00
0.000000000000000000e+00
0.000000000000000000e+00
0.000000000000000000e+00
0.000000000000000000e+00
0.000000000000000000e+00
0.000000000000000000e+00
0.000000000000000000e+00
0.000000000000000000e+00
0.000000000000000000e+00
0.000000000000000000e+00
0.000000000000000000e+00
0.000000000000000000e+00
0.000000000000000000e+00
0.000000000000000000e+00
0.000000000000000000e+00
0.000000000000000000e+00
0.000000000000000000e+00
0.000000000000000000e+00
0.000000000000000000e+00
0.000000000000000000e+00
0.000000000000000000e+00
0.000000000000000000e+00
0.000000000000000000e+00
0.000000000000000000e+00
0.000000000000000000e+00
0.000000000000000000e+00
0.000000000000000000e+00
0.000000000000000000e+00
0.000000000000000000e+00
0.000000000000000000e+00
0.000000000000000000e+00
0.000000000000000000e+00
0.000000000000000000e+00
0.000000000000000000e+00
0.000000000000000000e+00
0.000000000000000000e+00
0.000000000000000000e+00
0.000000000000000000e+00
0.000000000000000000e+00
0.000000000000000000e+00
0.000000000000000000e+00
0.000000000000000000e+00
0.000000000000000000e+00
0.000000000000000000e+00
0.000000000000000000e+00
0.000000000000000000e+00
0.000000000000000000e+00
0.000000000000000000e+00
0.000000000000000000e+00
0.000000000000000000e+00
0.000000000000000000e+00
0.000000000000000000e+00
0.000000000000000000e+00
0.000000000000000000e+00
0.000000000000000000e+00
0.000000000000000000e+00
0.000000000000000000e+00
0.000000000000000000e+00
0.000000000000000000e+00
0.000000000000000000e+00
0.000000000000000000e+00
0.000000000000000000e+00
0.000000000000000000e+00
0.000000000000000000e+00
0.000000000000000000e+00
0.000000000000000000e+00
0.000000000000000000e+00
0.000000000000000000e+00
0.000000000000000000e+00
0.000000000000000000e+00
0.000000000000000000e+00
0.000000000000000000e+00
0.000000000000000000e+00
0.000000000000000000e+00
0.000000000000000000e+00
0.000000000000000000e+00
0.000000000000000000e+00
0.000000000000000000e+00
0.000000000000000000e+00
0.000000000000000000e+00
0.000000000000000000e+00
0.000000000000000000e+00
0.000000000000000000e+00
0.000000000000000000e+00
0.000000000000000000e+00
0.000000000000000000e+00
0.000000000000000000e+00
0.000000000000000000e+00
0.000000000000000000e+00
0.000000000000000000e+00
0.000000000000000000e+00
0.000000000000000000e+00
0.000000000000000000e+00
0.000000000000000000e+00
0.000000000000000000e+00
0.000000000000000000e+00
0.000000000000000000e+00
0.000000000000000000e+00
0.000000000000000000e+00
0.000000000000000000e+00
0.000000000000000000e+00
0.000000000000000000e+00
0.000000000000000000e+00
0.000000000000000000e+00
0.000000000000000000e+00
0.000000000000000000e+00
0.000000000000000000e+00
0.000000000000000000e+00
0.000000000000000000e+00
0.000000000000000000e+00
0.000000000000000000e+00
0.000000000000000000e+00
0.000000000000000000e+00
0.000000000000000000e+00
0.000000000000000000e+00
0.000000000000000000e+00
0.000000000000000000e+00
0.000000000000000000e+00
0.000000000000000000e+00
0.000000000000000000e+00
0.000000000000000000e+00
0.000000000000000000e+00
0.000000000000000000e+00
0.000000000000000000e+00
0.000000000000000000e+00
0.000000000000000000e+00
0.000000000000000000e+00
0.000000000000000000e+00
0.000000000000000000e+00
0.000000000000000000e+00
0.000000000000000000e+00
0.000000000000000000e+00
0.000000000000000000e+00
0.000000000000000000e+00
0.000000000000000000e+00
0.000000000000000000e+00
0.000000000000000000e+00
0.000000000000000000e+00
0.000000000000000000e+00
0.000000000000000000e+00
0.000000000000000000e+00
0.000000000000000000e+00
0.000000000000000000e+00
0.000000000000000000e+00
0.000000000000000000e+00
0.000000000000000000e+00
0.000000000000000000e+00
0.000000000000000000e+00
0.000000000000000000e+00
0.000000000000000000e+00
0.000000000000000000e+00
0.000000000000000000e+00
0.000000000000000000e+00
0.000000000000000000e+00
0.000000000000000000e+00
0.000000000000000000e+00
0.000000000000000000e+00
0.000000000000000000e+00
0.000000000000000000e+00
0.000000000000000000e+00
0.000000000000000000e+00
0.000000000000000000e+00
0.000000000000000000e+00
0.000000000000000000e+00
0.000000000000000000e+00
0.000000000000000000e+00
0.000000000000000000e+00
0.000000000000000000e+00
0.000000000000000000e+00
0.000000000000000000e+00
0.000000000000000000e+00
0.000000000000000000e+00
0.000000000000000000e+00
0.000000000000000000e+00
0.000000000000000000e+00
0.000000000000000000e+00
0.000000000000000000e+00
0.000000000000000000e+00
0.000000000000000000e+00
0.000000000000000000e+00
0.000000000000000000e+00
0.000000000000000000e+00
0.000000000000000000e+00
0.000000000000000000e+00
0.000000000000000000e+00
0.000000000000000000e+00
0.000000000000000000e+00
0.000000000000000000e+00
0.000000000000000000e+00
0.000000000000000000e+00
0.000000000000000000e+00
0.000000000000000000e+00
0.000000000000000000e+00
0.000000000000000000e+00
0.000000000000000000e+00
0.000000000000000000e+00
0.000000000000000000e+00
0.000000000000000000e+00
0.000000000000000000e+00
0.000000000000000000e+00
0.000000000000000000e+00
0.000000000000000000e+00
0.000000000000000000e+00
0.000000000000000000e+00
0.000000000000000000e+00
0.000000000000000000e+00
0.000000000000000000e+00
0.000000000000000000e+00
0.000000000000000000e+00
0.000000000000000000e+00
0.000000000000000000e+00
0.000000000000000000e+00
0.000000000000000000e+00
0.000000000000000000e+00
0.000000000000000000e+00
0.000000000000000000e+00
0.000000000000000000e+00
0.000000000000000000e+00
0.000000000000000000e+00
0.000000000000000000e+00
0.000000000000000000e+00
0.000000000000000000e+00
0.000000000000000000e+00
0.000000000000000000e+00
0.000000000000000000e+00
0.000000000000000000e+00
0.000000000000000000e+00
0.000000000000000000e+00
0.000000000000000000e+00
0.000000000000000000e+00
0.000000000000000000e+00
0.000000000000000000e+00
0.000000000000000000e+00
0.000000000000000000e+00
0.000000000000000000e+00
0.000000000000000000e+00
0.000000000000000000e+00
0.000000000000000000e+00
0.000000000000000000e+00
0.000000000000000000e+00
0.000000000000000000e+00
0.000000000000000000e+00
0.000000000000000000e+00
0.000000000000000000e+00
0.000000000000000000e+00
0.000000000000000000e+00
0.000000000000000000e+00
0.000000000000000000e+00
0.000000000000000000e+00
0.000000000000000000e+00
0.000000000000000000e+00
0.000000000000000000e+00
0.000000000000000000e+00
0.000000000000000000e+00
0.000000000000000000e+00
0.000000000000000000e+00
0.000000000000000000e+00
0.000000000000000000e+00
0.000000000000000000e+00
0.000000000000000000e+00
0.000000000000000000e+00
0.000000000000000000e+00
0.000000000000000000e+00
0.000000000000000000e+00
0.000000000000000000e+00
0.000000000000000000e+00
0.000000000000000000e+00
0.000000000000000000e+00
0.000000000000000000e+00
0.000000000000000000e+00
0.000000000000000000e+00
0.000000000000000000e+00
0.000000000000000000e+00
0.000000000000000000e+00
0.000000000000000000e+00
0.000000000000000000e+00
0.000000000000000000e+00
0.000000000000000000e+00
0.000000000000000000e+00
0.000000000000000000e+00
0.000000000000000000e+00
0.000000000000000000e+00
0.000000000000000000e+00
0.000000000000000000e+00
0.000000000000000000e+00
0.000000000000000000e+00
0.000000000000000000e+00
0.000000000000000000e+00
0.000000000000000000e+00
0.000000000000000000e+00
0.000000000000000000e+00
0.000000000000000000e+00
0.000000000000000000e+00
0.000000000000000000e+00
0.000000000000000000e+00
0.000000000000000000e+00
0.000000000000000000e+00
0.000000000000000000e+00
0.000000000000000000e+00
0.000000000000000000e+00
0.000000000000000000e+00
0.000000000000000000e+00
0.000000000000000000e+00
0.000000000000000000e+00
0.000000000000000000e+00
0.000000000000000000e+00
0.000000000000000000e+00
0.000000000000000000e+00
0.000000000000000000e+00
0.000000000000000000e+00
0.000000000000000000e+00
0.000000000000000000e+00
0.000000000000000000e+00
0.000000000000000000e+00
0.000000000000000000e+00
0.000000000000000000e+00
0.000000000000000000e+00
0.000000000000000000e+00
0.000000000000000000e+00
0.000000000000000000e+00
0.000000000000000000e+00
0.000000000000000000e+00
0.000000000000000000e+00
0.000000000000000000e+00
0.000000000000000000e+00
0.000000000000000000e+00
0.000000000000000000e+00
0.000000000000000000e+00
0.000000000000000000e+00
0.000000000000000000e+00
0.000000000000000000e+00
0.000000000000000000e+00
0.000000000000000000e+00
0.000000000000000000e+00
0.000000000000000000e+00
0.000000000000000000e+00
0.000000000000000000e+00
0.000000000000000000e+00
0.000000000000000000e+00
0.000000000000000000e+00
0.000000000000000000e+00
0.000000000000000000e+00
0.000000000000000000e+00
0.000000000000000000e+00
0.000000000000000000e+00
0.000000000000000000e+00
0.000000000000000000e+00
0.000000000000000000e+00
0.000000000000000000e+00
0.000000000000000000e+00
0.000000000000000000e+00
0.000000000000000000e+00
0.000000000000000000e+00
0.000000000000000000e+00
0.000000000000000000e+00
0.000000000000000000e+00
0.000000000000000000e+00
0.000000000000000000e+00
0.000000000000000000e+00
0.000000000000000000e+00
0.000000000000000000e+00
0.000000000000000000e+00
0.000000000000000000e+00
0.000000000000000000e+00
0.000000000000000000e+00
0.000000000000000000e+00
0.000000000000000000e+00
0.000000000000000000e+00
0.000000000000000000e+00
0.000000000000000000e+00
0.000000000000000000e+00
0.000000000000000000e+00
0.000000000000000000e+00
0.000000000000000000e+00
0.000000000000000000e+00
0.000000000000000000e+00
0.000000000000000000e+00
0.000000000000000000e+00
0.000000000000000000e+00
0.000000000000000000e+00
0.000000000000000000e+00
0.000000000000000000e+00
0.000000000000000000e+00
0.000000000000000000e+00
0.000000000000000000e+00
0.000000000000000000e+00
0.000000000000000000e+00
0.000000000000000000e+00
0.000000000000000000e+00
0.000000000000000000e+00
0.000000000000000000e+00
0.000000000000000000e+00
0.000000000000000000e+00
0.000000000000000000e+00
0.000000000000000000e+00
0.000000000000000000e+00
0.000000000000000000e+00
0.000000000000000000e+00
0.000000000000000000e+00
0.000000000000000000e+00
0.000000000000000000e+00
0.000000000000000000e+00
0.000000000000000000e+00
0.000000000000000000e+00
0.000000000000000000e+00
0.000000000000000000e+00
