-1.211274878014632038e-02
5.919375600923358627e-02
2.250591911339713466e-02
1.031431953910861947e-02
4.247497854995321322e-03
-4.791518396863144597e-02
-1.100268689787279631e-02
-6.207025068595114353e-02
-4.718279906682391889e-02
-6.417764866844272165e-02
-1.848356997006141422e-01
-4.801361639408056603e-01
-9.567234370442738722e-01
-5.325874026848241849e-01
9.963559264534861681e-02
6.188750349456437760e-01
8.836710747293413659e-01
4.245004801192288069e-01
-1.768580449340164187e-02
-2.021793958946879396e-02
-2.075928485181984320e-02
-1.704012689567421801e-02
-2.569748145840453080e-02
-4.903447960134967726e-02
-1.139630462776049236e-01
-5.903251719309338813e-02
-6.132280651710195207e-02
1.113297509359840176e-01
1.468168846922683068e-01
6.978967266046828821e-02
7.243412167433892213e-02
1.210805907961668704e-01
-5.777100861064786430e-02
-7.091284940706218953e-02
-6.234087276171612624e-02
-1.759365340461233052e-02
4.581528174960012439e-02
-1.027048394970695999e-01
6.917798287972241715e-03
4.984342839664261671e-02
9.646019970964401363e-03
2.271864664273067630e-02
-6.167906843206075185e-02
2.337077547832180566e-02
4.774645262365774523e-02
-1.345941780080975141e-02
-2.882790761028202198e-01
-6.814307977054250287e-01
-4.364591723740290918e-01
1.937797396288056251e-01
6.324726363425545728e-01
5.239579238234856051e-01
1.405712153043671975e-01
-4.243836887422561960e-02
-6.630907198646183998e-02
-1.128875075863524230e-01
-9.190025808779352101e-02
5.935000546662082960e-02
-3.819373171847000731e-02
-1.027530906968754654e-01
5.694444415071649168e-02
4.354011381626568533e-02
9.501092211051934133e-02
1.522236434824088824e-01
-2.706515413079198240e-02
-8.489223388653456548e-02
6.255277863429777041e-02
4.013318182617083008e-02
-9.477073064204526165e-02
-6.700780675319953361e-02
5.100731484482161349e-02
-7.756216629309144184e-02
-3.406721278272934784e-03
-2.426737185602079877e-02
2.400887495772907609e-02
1.026563615047288297e-01
9.012231900101166926e-02
4.588385461960060169e-02
1.603799400342227621e-02
2.240899720604400125e-02
4.841619483015969366e-02
-6.857871334734708113e-02
-2.112338927418704604e-01
-1.172543958257546010e-01
1.177207933533525180e-01
2.888309774911571037e-01
1.033782542690871581e-01
-2.409256818883394671e-02
-5.792066832058885562e-02
-7.053544699516320349e-02
-3.215853998983306261e-02
-8.600244980817112195e-02
-4.430915757185691778e-02
-2.108656312633745353e-02
-3.190916458956516433e-02
1.298694360448525084e-02
3.150963194526025524e-02
-3.838485729540717234e-02
1.583262289649889007e-02
-2.715638399901491515e-02
-3.162711234656895992e-02
5.177591604640333772e-02
2.605322724094046721e-02
2.538308604146538930e-02
-1.412731230878274957e-01
-2.135883520515603068e-02
1.020314581452211062e-03
-1.806202131676913755e-03
-1.696506765044479559e-02
-6.860143052064839042e-02
1.094577206139717152e-02
-6.927992703585676704e-02
-2.124638064400712414e-02
8.588965016093137728e-02
1.435038983856601336e-01
3.145090507243085420e-02
4.927123581343954839e-02
-6.592799501008726748e-02
-2.312944303928310061e-02
5.124979180984151617e-02
9.561157637767518647e-02
2.230494260159739464e-02
-4.481670240440441960e-02
-4.321397654207942418e-02
2.040830200307733322e-01
-2.456015236117597630e-02
-1.462229695911650487e-02
-2.565014926385839750e-02
-1.359834539568592626e-01
-9.989600998350307848e-02
2.038361690684343738e-02
8.398749371165423541e-03
-2.981073097623887155e-02
1.530508817523715953e-02
-1.286070751242329169e-01
-4.433323851432444812e-02
2.152416515992124774e-02
-3.709891521218513372e-02
2.212775369862059194e-02
-9.655709166771002383e-02
-6.295165335497306114e-02
-1.514605196269341869e-02
4.868851858054938642e-02
-3.171263172637191208e-02
-1.024105910867826597e-01
-2.136090557912336263e-01
-2.317293879042735816e-01
4.174900413360529972e-02
1.496824232606327187e-01
2.143490336544786601e-01
1.446757765536244578e-01
3.744998907812870266e-03
-1.953756069937586867e-02
-1.102444873022591885e-02
1.302072177944460334e-02
-2.687540681678358620e-02
-1.428807748687535850e-01
-2.394245479777117602e-01
2.883531337027608887e-02
3.198319700008482314e-01
2.021397459578099798e-01
3.692221948951286692e-02
-7.150850648480147620e-02
-1.167208116315670147e-01
-9.631356689474580846e-02
-8.470285527194561237e-02
7.156436961796030366e-03
1.673733458120144069e-02
7.136860744647657850e-02
9.183383481283734218e-02
1.122126887863621799e-03
2.446494871826734169e-02
-1.422494243154446558e-01
1.262085818189681054e-02
3.430156783871891879e-02
5.062355617886919734e-02
9.168077646759949240e-02
1.083665377215860606e-02
-6.563770612691741113e-02
-3.305878949276229162e-01
-6.025714729975165662e-01
-5.812852190441660793e-01
3.327997484377885618e-02
5.273937312564290769e-01
5.567386716367019872e-01
2.120583834995060368e-01
7.429292978217870436e-02
1.362980989454483371e-02
-8.764907473184870013e-02
-9.907487557441209403e-02
-2.731980987847516529e-01
-5.052727372237353354e-01
-4.791600652711632824e-01
1.981147024106967927e-02
5.211734619773280563e-01
5.399636644173251288e-01
2.895967107424514686e-01
3.489850160237208121e-02
-1.736711178275337775e-01
-2.634478220894193035e-01
-3.380968233916941124e-01
2.162767860749509677e-02
2.991042601857525907e-01
2.587442095991273616e-01
8.769179768750239024e-02
-3.996740594832456223e-02
-1.308920097644936109e-01
-1.730105100752323821e-01
-1.049309698936747720e-01
7.059836801170993326e-02
2.087046923563177503e-01
1.740685830907212073e-01
7.472324493639785625e-02
-6.388140621449529821e-02
-3.823739330638837308e-01
-8.843848332783809107e-01
-6.921219870164423416e-01
-8.495519490789282466e-03
6.180275105687398352e-01
9.068813965471580474e-01
4.191450265621620708e-01
4.141697525651778095e-02
3.576664486278507971e-02
4.240091070981105714e-02
-2.057739038715712121e-01
-6.481132170256966862e-01
-9.119755687127928390e-01
-4.533444256905205805e-01
1.192049521052362254e-01
4.425543248109190531e-01
8.732553294446416814e-01
5.799691452441287920e-01
1.525031789231081625e-01
-1.755225111236738689e-01
-7.876972366078149879e-01
-6.899795284544160134e-01
6.902394443363381316e-02
7.597197735825131915e-01
6.476913316567338708e-01
2.836230089150669764e-01
-8.590322351988952110e-02
-1.751868090492573748e-01
-2.438248345540569573e-01
-1.925744397418864828e-01
1.734914911810822580e-01
6.675137284881301758e-01
3.615719409761816161e-01
9.947104332931105963e-02
-8.333084936133117182e-02
-3.238032508367938989e-01
-9.259259587834296479e-01
-6.043985335708451645e-01
5.154254797976499242e-02
6.257600938604892526e-01
9.423950306549173650e-01
4.567078581925793634e-01
8.430834638788192725e-02
-1.079723243936929131e-02
-4.766976676736424390e-02
-2.424890686409960361e-01
-7.194095093958945419e-01
-9.500774118908100752e-01
-4.402711923437894193e-01
-6.077913744600530431e-03
3.831607101606290255e-01
9.711669036621933815e-01
6.478983965390713307e-01
1.358926395369493556e-01
-3.808170721709378537e-01
-9.124734697123925153e-01
-7.038979518042733918e-01
-5.080215298604336127e-02
7.083937677185682125e-01
7.912247804387013694e-01
3.089131790439092473e-01
-8.683676369924726857e-02
-3.770210733640568801e-01
-5.598888695786280456e-01
-3.103474418576840921e-01
3.067293746490554196e-01
8.722960878713281740e-01
6.107957419480130046e-01
1.420268428682269213e-01
-5.976562264080911152e-02
-2.999229343361791145e-01
-6.589115256112740848e-01
-5.759606285563895200e-01
-2.130817804076274441e-02
5.437960284155608504e-01
5.572888740429791099e-01
2.408439182895552311e-01
2.293218087650847059e-01
7.423407681156042603e-02
2.541993032112025049e-03
-8.539842666398435311e-02
-4.667529504885526981e-01
-8.096365440166605199e-01
-4.740996430663770300e-01
5.765464396481612824e-02
4.800296840387218711e-01
7.076969799400658623e-01
5.599045092782181099e-01
1.776789027137629928e-01
-2.953459351950972755e-01
-6.610859984872260453e-01
-6.494021377449360477e-01
3.545826820783406358e-02
6.988947898963278060e-01
6.226882472545666181e-01
1.800945169800883261e-01
-8.276108556910362346e-02
-6.597882525165487122e-01
-9.392927247368816346e-01
-3.369871226851174351e-01
1.987829346217623305e-01
8.771579584905655480e-01
7.853213149214282041e-01
2.856812466041948606e-01
5.514535557798725535e-02
-1.696088838404679611e-01
-3.263727129908635671e-01
-1.560967792884114802e-01
-2.199545487097299620e-02
1.444062779576537892e-01
2.440044154944920884e-01
1.385155940501567595e-01
7.856131937000204735e-02
-2.761097917058027637e-02
-6.239756440201404790e-03
7.122893476380592892e-02
-1.727558520061807656e-01
-3.874446478719257847e-01
-2.794444577418657705e-01
-1.606327399702666206e-02
2.463287982287768740e-01
3.650948836703010736e-01
2.170383492165586792e-01
1.234056679318871891e-01
-2.022077857011835011e-01
-2.720878138515204214e-01
-1.937205515584580762e-01
2.254986726507031414e-02
3.536072208802908401e-01
2.647249740989806033e-01
1.073702054661504479e-01
-1.453965925002175807e-01
-7.262902196019823675e-01
-9.611658651427366085e-01
-4.616361948468204468e-01
1.520885646688589499e-01
8.145967614864003670e-01
7.745976745966065558e-01
3.963004741290127031e-01
1.074134400211036316e-01
2.726252027341984768e-02
-4.645878500429637820e-02
-5.767600977953244584e-02
3.978206503230735658e-02
8.338377452143934387e-02
-1.195643409136840953e-02
-2.151958188654499830e-03
-3.960759917441446926e-02
4.427092318336328658e-02
-7.699133696123076909e-02
-9.625370468162490825e-03
-1.241807229325167655e-01
-1.653820463764157922e-01
-4.228391072272986995e-02
2.252699178044808431e-02
-1.127263457504093860e-02
5.515773180139221799e-02
4.746220692576323674e-02
2.578952032340065328e-02
1.940564985740901282e-05
-2.132898473505536255e-02
2.827651932998261151e-03
4.180822840911064403e-02
1.174379537721796513e-01
7.608737146002096663e-02
4.046557368128531063e-02
-1.775923653380864775e-01
-4.853023430618072509e-01
-8.855371217582641563e-01
-5.987070578848873170e-01
1.084715461659161440e-01
6.002082817748282118e-01
6.532023778895872379e-01
2.484493319487658947e-01
4.869827680008787657e-02
-7.003806890170767574e-02
-2.996296698501450112e-02
-3.905123599381429833e-02
-4.874376804302052620e-03
-7.105541710087407217e-03
-3.418454963903179433e-02
-8.197958723841765327e-02
6.482498909758983852e-02
-2.739376488080511388e-02
-7.165419133063512247e-02
9.331341100653330056e-02
1.285403024931516293e-02
-5.523550901319246136e-03
2.600043136547135550e-02
4.626616848732766768e-02
1.148374741544075928e-01
-2.883661604313826968e-02
-1.941590980361294905e-02
1.381911943215343060e-02
-7.010885994193877258e-02
3.552779099120298434e-02
7.123181586562668532e-02
4.219282946573645054e-02
1.079575891991381015e-01
1.310274984576490160e-03
-3.057762203095870310e-03
-1.016928017626343890e-02
-1.744486681254066585e-01
-4.915136869655887808e-01
-6.192772833647707253e-01
-4.724892266679876079e-02
1.518254294961665363e-01
2.817514261378032958e-01
6.248057617737907271e-02
-6.410316049431263874e-02
-1.852143049126492580e-01
-6.891806135152726831e-02
2.645909529422199591e-02
2.416557299822586630e-03
6.611551115817412838e-02
7.315190724050407711e-02
5.164559127033983843e-02
1.351971566399227595e-02
-1.308335476994129387e-01
-1.137423618083291676e-01
-2.398482357173565421e-02
3.537120039784556746e-02
3.535461692426911107e-02
-1.079503512566143582e-02
-8.643713263086835741e-02
1.497749095624884841e-01
1.213085451137222159e-01
1.017866072377626024e-02
4.364426103590304806e-02
-2.961962170430082822e-02
-1.636536945757506925e-02
3.869300420732506296e-02
8.329649714827216944e-02
1.431215633557754788e-02
1.413411714080168614e-02
7.706301115831350190e-02
-1.026263589120453984e-02
-9.852567170834590493e-02
-1.875264996019027075e-01
-1.901261072512865358e-01
-1.552669403029545772e-02
-1.399622556518590431e-02
8.331373968677044384e-02
9.636677782119405442e-03
-1.365503669325654756e-01
-2.906121229294220121e-01
-2.541255519701647869e-01
1.287258587628356543e-01
2.789340035704659382e-01
2.663752859163049380e-01
4.220079154534363275e-02
6.315726354888320793e-02
-1.726562076546653279e-02
-1.362769993903186275e-02
-4.478967081500326297e-02
1.237267452255710366e-02
-2.954383283607932634e-02
3.077567745637810673e-02
5.641008236219725511e-03
-1.235489730343427572e-01
-1.883666540880147428e-02
-5.974822633978250919e-02
-6.681487190079617167e-02
-5.821419036357970006e-02
-6.849771136373082603e-02
-9.744750087845228947e-02
-8.339459455113683306e-02
5.256320210279271515e-02
1.356522511605877945e-01
9.574555334524255390e-02
1.379032713099439533e-01
-2.898650513088656122e-02
2.894684178223896551e-02
6.647779835430422946e-02
-2.309724226181477519e-02
-9.693969942504816750e-02
7.566440832898747859e-02
-5.072439608217364088e-02
-1.734261779241921264e-01
-5.025168061789836438e-01
-8.008662561288140136e-01
-5.055527708130496123e-01
1.573536783638856962e-01
6.761239206421278958e-01
7.161449998696999275e-01
2.839441282658743404e-01
3.419865316628750707e-02
6.862319853816217785e-02
-9.196629029889430776e-03
2.837581322642047932e-02
6.770190755833771501e-02
2.115404878416469667e-02
-1.481735536490073803e-03
3.987450084346725807e-03
-3.875325445037095667e-02
6.651301737632421551e-02
-1.727956769868576985e-03
-5.729104302451895614e-03
-1.263938028788029744e-01
-1.714640177346786754e-01
-3.831044511102116301e-01
-2.710518007648294314e-01
1.243936070377071323e-01
2.802965104686637177e-01
3.608489460634636270e-01
2.306409101876354950e-01
4.916460184907214120e-02
-5.886302154873120085e-02
1.738220761007850529e-02
-5.730393471497926411e-02
-1.770385949105125409e-02
-2.403637058579328328e-02
-3.137513122504336643e-02
-2.916981934845748192e-01
-7.389227841183771961e-01
-9.279548039109637436e-01
-3.967491890513843988e-01
1.608125828612029240e-01
7.441793192834528226e-01
9.429970050304362639e-01
3.815024323251197669e-01
1.166363567187132799e-01
-2.850213241866231956e-02
-1.191035417206507546e-01
-1.091106118174851036e-01
-2.194057839007319821e-02
1.429267845079654486e-01
1.009412016398860967e-01
1.161677938407396603e-02
6.704456748811225830e-02
1.226276880391792279e-01
1.456342798365075838e-02
-8.005151573726142222e-02
-1.837009675553548660e-01
-3.886769455186305788e-01
-8.316662104140263301e-01
-5.558804386908018369e-01
-8.149345207463756791e-03
5.324968678934982602e-01
7.497702118893766476e-01
4.181900182496380847e-01
9.238032696339959493e-02
2.651934480626193594e-02
8.519830361167755883e-02
6.544896135739909637e-02
-2.107020496327286982e-02
-7.031563785011599177e-02
-8.917865484525391850e-02
-2.274350521257623992e-01
-6.127327907519677375e-01
-7.783882293284039022e-01
-4.082504018300613380e-01
2.102579470233628955e-01
7.300032064747542515e-01
6.902075772523229569e-01
2.686768156395686336e-01
1.306776408681850354e-01
-4.892691477651547188e-02
-1.021352791064909643e-01
-9.459925156001398883e-02
-8.878350807988996674e-02
6.824003325542220277e-02
1.452086536836929842e-01
1.183835209878315170e-01
4.816815416888129558e-02
4.861192391411994079e-02
-4.681956224131082756e-02
-5.045425056942335479e-02
-1.797263235145973304e-01
-4.563569013228787052e-01
-9.352714112413562653e-01
-7.201063121390368638e-01
-1.116712906075142675e-01
4.398524062104299248e-01
9.917272799500473912e-01
5.578130217766184007e-01
2.027937274548239910e-01
1.040309387526738849e-01
-5.744890696586726908e-02
2.210837961756482312e-02
-7.364996299970197335e-02
-4.429648907542426545e-02
-2.336428089278217574e-02
-1.029130910464243348e-01
-1.957270688419378568e-01
-2.218488526106427994e-01
-1.613472595413390775e-01
1.579869925661763486e-01
2.934618614114067880e-01
2.511812129023951456e-01
1.591400535109482595e-01
7.703706095943434889e-03
-6.768575592418947517e-02
-3.190062108996347678e-01
-2.429681446088381436e-01
-8.977730018325247308e-02
1.993227229398001343e-01
3.560784830246681021e-01
2.264285563856377470e-01
5.598574118129073102e-02
1.359423983005044745e-01
4.398792475925334539e-02
-7.070629390241923995e-02
-1.654715036370691394e-01
-2.923818095900143632e-01
-6.963179394088299112e-01
-7.590557955913227461e-01
-1.317062855434734947e-01
6.029953423711031935e-01
8.546393810083551257e-01
4.484493081917322321e-01
2.164758711763118959e-01
5.538504752057844815e-02
2.756694002716639225e-02
5.542211575428879905e-02
-1.408061935078303364e-02
2.875766786679369649e-02
9.873183238900537506e-02
1.955997638681706424e-02
-1.221408304085813516e-02
1.617299701311379970e-02
-8.192798542901096742e-03
-5.393833333496526189e-03
6.440581820538467117e-02
1.250861190284879333e-02
2.953746095555578877e-02
-5.800576033553481170e-02
-3.948604408849891167e-01
-6.420536954927464901e-01
-6.298908329415247032e-01
-1.973951414994943310e-01
4.877113287039937517e-01
8.219131436501665444e-01
4.184094312519852643e-01
2.110070800072619823e-01
7.955574275661441569e-03
4.261597906415413861e-02
-2.968398945513856663e-02
-6.350280415803938316e-02
-1.326319776422178465e-01
-2.892488059742028272e-01
-4.534785011273090860e-01
6.833606125868108352e-03
4.073442841133445569e-01
4.222357843443938497e-01
2.406234946980895240e-01
1.771120682051288975e-01
6.093117998059623813e-02
-6.597735063091277052e-02
-4.706092400578294754e-02
-6.091316660052930460e-02
7.552750179007090836e-03
8.648107053181304515e-02
-5.035694767763138069e-02
6.033761100261256227e-02
-1.083790933766426955e-02
-2.115746380174818655e-02
-9.165266519581218019e-02
-8.515238482464755621e-02
1.875866199407675086e-02
-6.146869720198347431e-02
-2.165303194137841447e-01
-5.711241940503976044e-01
-9.167014218262645731e-01
-6.246004934945519338e-01
-3.937899565113753969e-02
5.774817433747090334e-01
9.982981502377635818e-01
5.913220276004974574e-01
1.477825914824371090e-01
8.340453573136423493e-02
-5.615248461243055322e-02
-3.795078882992821562e-02
3.501029484426111671e-02
-2.154918797834812997e-03
-2.260106855970308304e-01
-1.463295062581461692e-01
-3.359899765203907401e-02
1.703176009528002688e-01
9.200679333379065128e-02
1.032631060477084556e-01
1.702766754158506479e-01
1.093452099143164269e-01
-3.858453817017913623e-02
7.221981810957386894e-03
1.136922700973490991e-02
0.000000000000000000e+00
0.000000000000000000e+00
0.000000000000000000e+00
0.000000000000000000e+00
0.000000000000000000e+00
0.000000000000000000e+00
0.000000000000000000e+00
0.000000000000000000e+00
0.000000000000000000e+00
0.000000000000000000e+00
0.000000000000000000e+00
0.000000000000000000e+00
0.000000000000000000e+00
0.000000000000000000e+00
0.000000000000000000e+00
0.000000000000000000e+00
0.000000000000000000e+00
0.000000000000000000e+00
0.000000000000000000e+00
0.000000000000000000e+00
0.000000000000000000e+00
0.000000000000000000e+00
0.000000000000000000e+00
0.000000000000000000e+00
0.000000000000000000e+00
0.000000000000000000e+00
0.000000000000000000e+00
0.000000000000000000e+00
0.000000000000000000e+00
0.000000000000000000e+00
0.000000000000000000e+00
0.000000000000000000e+00
0.000000000000000000e+00
0.000000000000000000e+00
0.000000000000000000e+00
0.000000000000000000e+00
0.000000000000000000e+00
0.000000000000000000e+00
0.000000000000000000e+00
0.000000000000000000e+00
0.000000000000000000e+00
0.000000000000000000e+00
0.000000000000000000e+00
0.000000000000000000e+00
0.000000000000000000e+00
0.000000000000000000e+00
0.000000000000000000e+00
0.000000000000000000e+00
0.000000000000000000e+00
0.000000000000000000e+00
0.000000000000000000e+00
0.000000000000000000e+00
0.000000000000000000e+00
0.000000000000000000e+00
0.000000000000000000e+00
0.000000000000000000e+00
0.000000000000000000e+00
0.000000000000000000e+00
0.000000000000000000e+00
0.000000000000000000e+00
0.000000000000000000e+00
0.000000000000000000e+00
0.000000000000000000e+00
0.000000000000000000e+00
0.000000000000000000e+00
0.000000000000000000e+00
0.000000000000000000e+00
0.000000000000000000e+00
0.000000000000000000e+00
0.000000000000000000e+00
0.000000000000000000e+00
0.000000000000000000e+00
0.000000000000000000e+00
0.000000000000000000e+00
0.000000000000000000e+00
0.000000000000000000e+00
0.000000000000000000e+00
0.000000000000000000e+00
0.000000000000000000e+00
0.000000000000000000e+00
0.000000000000000000e+00
0.000000000000000000e+00
0.000000000000000000e+00
0.000000000000000000e+00
0.000000000000000000e+00
0.000000000000000000e+00
0.000000000000000000e+00
0.000000000000000000e+00
0.000000000000000000e+00
0.000000000000000000e+00
0.000000000000000000e+00
0.000000000000000000e+00
0.000000000000000000e+00
0.000000000000000000e+00
0.000000000000000000e+00
0.000000000000000000e+00
0.000000000000000000e+00
0.000000000000000000e+00
0.000000000000000000e+00
0.000000000000000000e+00
0.000000000000000000e+00
0.000000000000000000e+00
0.000000000000000000e+00
0.000000000000000000e+00
0.000000000000000000e+00
0.000000000000000000e+00
0.000000000000000000e+00
0.000000000000000000e+00
0.000000000000000000e+00
0.000000000000000000e+00
0.000000000000000000e+00
0.000000000000000000e+00
0.000000000000000000e+00
0.000000000000000000e+00
0.000000000000000000e+00
0.000000000000000000e+00
0.000000000000000000e+00
0.000000000000000000e+00
0.000000000000000000e+00
0.000000000000000000e+00
0.000000000000000000e+00
0.000000000000000000e+00
0.000000000000000000e+00
0.000000000000000000e+00
0.000000000000000000e+00
0.000000000000000000e+00
0.000000000000000000e+00
0.000000000000000000e+00
0.000000000000000000e+00
0.000000000000000000e+00
0.000000000000000000e+00
0.000000000000000000e+00
0.000000000000000000e+00
0.000000000000000000e+00
0.000000000000000000e+00
0.000000000000000000e+00
0.000000000000000000e+00
0.000000000000000000e+00
0.000000000000000000e+00
0.000000000000000000e+00
0.000000000000000000e+00
0.000000000000000000e+00
0.000000000000000000e+00
0.000000000000000000e+00
0.000000000000000000e+00
0.000000000000000000e+00
0.000000000000000000e+00
0.000000000000000000e+00
0.000000000000000000e+00
0.000000000000000000e+00
0.000000000000000000e+00
0.000000000000000000e+00
0.000000000000000000e+00
0.000000000000000000e+00
0.000000000000000000e+00
0.000000000000000000e+00
0.000000000000000000e+00
0.000000000000000000e+00
0.000000000000000000e+00
0.000000000000000000e+00
0.000000000000000000e+00
0.000000000000000000e+00
0.000000000000000000e+00
0.000000000000000000e+00
0.000000000000000000e+00
0.000000000000000000e+00
0.000000000000000000e+00
0.000000000000000000e+00
0.000000000000000000e+00
0.000000000000000000e+00
0.000000000000000000e+00
0.000000000000000000e+00
0.000000000000000000e+00
0.000000000000000000e+00
0.000000000000000000e+00
0.000000000000000000e+00
0.000000000000000000e+00
0.000000000000000000e+00
0.000000000000000000e+00
0.000000000000000000e+00
0.000000000000000000e+00
0.000000000000000000e+00
0.000000000000000000e+00
0.000000000000000000e+00
0.000000000000000000e+00
0.000000000000000000e+00
0.000000000000000000e+00
0.000000000000000000e+00
0.000000000000000000e+00
0.000000000000000000e+00
0.000000000000000000e+00
0.000000000000000000e+00
0.000000000000000000e+00
0.000000000000000000e+00
0.000000000000000000e+00
0.000000000000000000e+00
0.000000000000000000e+00
0.000000000000000000e+00
0.000000000000000000e+00
0.000000000000000000e+00
0.000000000000000000e+00
0.000000000000000000e+00
0.000000000000000000e+00
0.000000000000000000e+00
0.000000000000000000e+00
0.000000000000000000e+00
0.000000000000000000e+00
0.000000000000000000e+00
0.000000000000000000e+00
0.000000000000000000e+00
0.000000000000000000e+00
0.000000000000000000e+00
0.000000000000000000e+00
0.000000000000000000e+00
0.000000000000000000e+00
0.000000000000000000e+00
0.000000000000000000e+00
0.000000000000000000e+00
0.000000000000000000e+00
0.000000000000000000e+00
0.000000000000000000e+00
0.000000000000000000e+00
0.000000000000000000e+00
0.000000000000000000e+00
0.000000000000000000e+00
0.000000000000000000e+00
0.000000000000000000e+00
0.000000000000000000e+00
0.000000000000000000e+00
0.000000000000000000e+00
0.000000000000000000e+00
0.000000000000000000e+00
0.000000000000000000e+00
0.000000000000000000e+00
0.000000000000000000e+00
0.000000000000000000e+00
0.000000000000000000e+00
0.000000000000000000e+00
0.000000000000000000e+00
0.000000000000000000e+00
0.000000000000000000e+00
0.000000000000000000e+00
0.000000000000000000e+00
0.000000000000000000e+00
0.000000000000000000e+00
0.000000000000000000e+00
0.000000000000000000e+00
0.000000000000000000e+00
0.000000000000000000e+00
0.000000000000000000e+00
0.000000000000000000e+00
0.000000000000000000e+00
0.000000000000000000e+00
0.000000000000000000e+00
0.000000000000000000e+00
0.000000000000000000e+00
0.000000000000000000e+00
0.000000000000000000e+00
0.000000000000000000e+00
0.000000000000000000e+00
0.000000000000000000e+00
0.000000000000000000e+00
0.000000000000000000e+00
0.000000000000000000e+00
0.000000000000000000e+00
0.000000000000000000e+00
0.000000000000000000e+00
0.000000000000000000e+00
0.000000000000000000e+00
0.000000000000000000e+00
0.000000000000000000e+00
0.000000000000000000e+00
0.000000000000000000e+00
0.000000000000000000e+00
0.000000000000000000e+00
0.000000000000000000e+00
0.000000000000000000e+00
0.000000000000000000e+00
0.000000000000000000e+00
0.000000000000000000e+00
0.000000000000000000e+00
0.000000000000000000e+00
0.000000000000000000e+00
0.000000000000000000e+00
0.000000000000000000e+00
0.000000000000000000e+00
0.000000000000000000e+00
0.000000000000000000e+00
0.000000000000000000e+00
0.000000000000000000e+00
0.000000000000000000e+00
0.000000000000000000e+00
0.000000000000000000e+00
0.000000000000000000e+00
0.000000000000000000e+00
0.000000000000000000e+00
0.000000000000000000e+00
0.000000000000000000e+00
0.000000000000000000e+00
0.000000000000000000e+00
0.000000000000000000e+00
0.000000000000000000e+00
0.000000000000000000e+00
0.000000000000000000e+00
0.000000000000000000e+00
0.000000000000000000e+00
0.000000000000000000e+00
0.000000000000000000e+00
0.000000000000000000e+00
0.000000000000000000e+00
0.000000000000000000e+00
0.000000000000000000e+00
0.000000000000000000e+00
0.000000000000000000e+00
0.000000000000000000e+00
0.000000000000000000e+00
0.000000000000000000e+00
0.000000000000000000e+00
0.000000000000000000e+00
0.000000000000000000e+00
0.000000000000000000e+00
0.000000000000000000e+00
0.000000000000000000e+00
0.000000000000000000e+00
0.000000000000000000e+00
0.000000000000000000e+00
0.000000000000000000e+00
0.000000000000000000e+00
0.000000000000000000e+00
0.000000000000000000e+00
0.000000000000000000e+00
0.000000000000000000e+00
0.000000000000000000e+00
0.000000000000000000e+00
0.000000000000000000e+00
0.000000000000000000e+00
0.000000000000000000e+00
0.000000000000000000e+00
0.000000000000000000e+00
0.000000000000000000e+00
0.000000000000000000e+00
0.000000000000000000e+00
0.000000000000000000e+00
0.000000000000000000e+00
0.000000000000000000e+00
0.000000000000000000e+00
0.000000000000000000e+00
0.000000000000000000e+00
0.000000000000000000e+00
0.000000000000000000e+00
0.000000000000000000e+00
0.000000000000000000e+00
0.000000000000000000e+00
0.000000000000000000e+00
0.000000000000000000e+00
0.000000000000000000e+00
0.000000000000000000e+00
0.000000000000000000e+00
0.000000000000000000e+00
0.000000000000000000e+00
0.000000000000000000e+00
0.000000000000000000e+00
0.000000000000000000e+00
0.000000000000000000e+00
0.000000000000000000e+00
0.000000000000000000e+00
0.000000000000000000e+00
0.000000000000000000e+00
0.000000000000000000e+00
0.000000000000000000e+00
0.000000000000000000e+00
0.000000000000000000e+00
0.000000000000000000e+00
0.000000000000000000e+00
0.000000000000000000e+00
0.000000000000000000e+00
0.000000000000000000e+00
0.000000000000000000e+00
0.000000000000000000e+00
0.000000000000000000e+00
0.000000000000000000e+00
0.000000000000000000e+00
0.000000000000000000e+00
0.000000000000000000e+00
0.000000000000000000e+00
0.000000000000000000e+00
0.000000000000000000e+00
0.000000000000000000e+00
0.000000000000000000e+00
0.000000000000000000e+00
0.000000000000000000e+00
0.000000000000000000e+00
0.000000000000000000e+00
0.000000000000000000e+00
0.000000000000000000e+00
0.000000000000000000e+00
0.000000000000000000e+00
0.000000000000000000e+00
0.000000000000000000e+00
0.000000000000000000e+00
0.000000000000000000e+00
0.000000000000000000e+00
0.000000000000000000e+00
0.000000000000000000e+00
0.000000000000000000e+00
0.000000000000000000e+00
0.000000000000000000e+00
0.000000000000000000e+00
0.000000000000000000e+00
0.000000000000000000e+00
0.000000000000000000e+00
0.000000000000000000e+00
0.000000000000000000e+00
0.000000000000000000e+00
0.000000000000000000e+00
0.000000000000000000e+00
0.000000000000000000e+00
0.000000000000000000e+00
0.000000000000000000e+00
0.000000000000000000e+00
0.000000000000000000e+00
0.000000000000000000e+00
0.000000000000000000e+00
0.000000000000000000e+00
0.000000000000000000e+00
0.000000000000000000e+00
0.000000000000000000e+00
0.000000000000000000e+00
0.000000000000000000e+00
0.000000000000000000e+00
0.000000000000000000e+00
0.000000000000000000e+00
0.000000000000000000e+00
0.000000000000000000e+00
0.000000000000000000e+00
0.000000000000000000e+00
0.000000000000000000e+00
0.000000000000000000e+00
0.000000000000000000e+00
0.000000000000000000e+00
0.000000000000000000e+00
0.000000000000000000e+00
0.000000000000000000e+00
0.000000000000000000e+00
0.000000000000000000e+00
0.000000000000000000e+00
0.000000000000000000e+00
0.000000000000000000e+00
0.000000000000000000e+00
0.000000000000000000e+00
0.000000000000000000e+00
0.000000000000000000e+00
0.000000000000000000e+00
0.000000000000000000e+00
0.000000000000000000e+00
0.000000000000000000e+00
0.000000000000000000e+00
0.000000000000000000e+00
0.000000000000000000e+00
0.000000000000000000e+00
0.000000000000000000e+00
0.000000000000000000e+00
0.000000000000000000e+00
0.000000000000000000e+00
0.000000000000000000e+00
0.000000000000000000e+00
0.000000000000000000e+00
0.000000000000000000e+00
0.000000000000000000e+00
0.000000000000000000e+00
0.000000000000000000e+00
0.000000000000000000e+00
0.000000000000000000e+00
0.000000000000000000e+00
0.000000000000000000e+00
0.000000000000000000e+00
0.000000000000000000e+00
0.000000000000000000e+00
0.000000000000000000e+00
0.000000000000000000e+00
0.000000000000000000e+00
0.000000000000000000e+00
0.000000000000000000e+00
0.000000000000000000e+00
0.000000000000000000e+00
0.000000000000000000e+00
0.000000000000000000e+00
0.000000000000000000e+00
0.000000000000000000e+00
0.000000000000000000e+00
0.000000000000000000e+00
0.000000000000000000e+00
0.000000000000000000e+00
0.000000000000000000e+00
0.000000000000000000e+00
0.000000000000000000e+00
0.000000000000000000e+00
0.000000000000000000e+00
0.000000000000000000e+00
0.000000000000000000e+00
0.000000000000000000e+00
0.000000000000000000e+00
0.000000000000000000e+00
0.000000000000000000e+00
0.000000000000000000e+00
0.000000000000000000e+00
0.000000000000000000e+00
0.000000000000000000e+00
0.000000000000000000e+00
0.000000000000000000e+00
0.000000000000000000e+00
0.000000000000000000e+00
0.000000000000000000e+00
0.000000000000000000e+00
0.000000000000000000e+00
0.000000000000000000e+00
0.000000000000000000e+00
0.000000000000000000e+00
0.000000000000000000e+00
0.000000000000000000e+00
0.000000000000000000e+00
0.000000000000000000e+00
0.000000000000000000e+00
0.000000000000000000e+00
0.000000000000000000e+00
0.000000000000000000e+00
0.000000000000000000e+00
0.000000000000000000e+00
0.000000000000000000e+00
0.000000000000000000e+00
0.000000000000000000e+00
0.000000000000000000e+00
0.000000000000000000e+00
0.000000000000000000e+00
0.000000000000000000e+00
0.000000000000000000e+00
0.000000000000000000e+00
0.000000000000000000e+00
0.000000000000000000e+00
0.000000000000000000e+00
0.000000000000000000e+00
0.000000000000000000e+00
0.000000000000000000e+00
0.000000000000000000e+00
0.000000000000000000e+00
0.000000000000000000e+00
0.000000000000000000e+00
0.000000000000000000e+00
0.000000000000000000e+00
0.000000000000000000e+00
0.000000000000000000e+00
0.000000000000000000e+00
0.000000000000000000e+00
0.000000000000000000e+00
0.000000000000000000e+00
0.000000000000000000e+00
0.000000000000000000e+00
0.000000000000000000e+00
0.000000000000000000e+00
0.000000000000000000e+00
0.000000000000000000e+00
0.000000000000000000e+00
0.000000000000000000e+00
0.000000000000000000e+00
0.000000000000000000e+00
0.000000000000000000e+00
0.000000000000000000e+00
0.000000000000000000e+00
0.000000000000000000e+00
0.000000000000000000e+00
0.000000000000000000e+00
0.000000000000000000e+00
0.000000000000000000e+00
0.000000000000000000e+00
0.000000000000000000e+00
0.000000000000000000e+00
0.000000000000000000e+00
0.000000000000000000e+00
0.000000000000000000e+00
0.000000000000000000e+00
0.000000000000000000e+00
0.000000000000000000e+00
0.000000000000000000e+00
0.000000000000000000e+00
0.000000000000000000e+00
0.000000000000000000e+00
0.000000000000000000e+00
0.000000000000000000e+00
0.000000000000000000e+00
0.000000000000000000e+00
0.000000000000000000e+00
0.000000000000000000e+00
0.000000000000000000e+00
0.000000000000000000e+00
0.000000000000000000e+00
0.000000000000000000e+00
0.000000000000000000e+00
0.000000000000000000e+00
0.000000000000000000e+00
0.000000000000000000e+00
0.000000000000000000e+00
0.000000000000000000e+00
0.000000000000000000e+00
0.000000000000000000e+00
0.000000000000000000e+00
0.000000000000000000e+00
0.000000000000000000e+00
0.000000000000000000e+00
0.000000000000000000e+00
0.000000000000000000e+00
0.000000000000000000e+00
0.000000000000000000e+00
0.000000000000000000e+00
0.000000000000000000e+00
0.000000000000000000e+00
0.000000000000000000e+00
0.000000000000000000e+00
0.000000000000000000e+00
0.000000000000000000e+00
0.000000000000000000e+00
0.000000000000000000e+00
0.000000000000000000e+00
0.000000000000000000e+00
0.000000000000000000e+00
0.000000000000000000e+00
0.000000000000000000e+00
0.000000000000000000e+00
0.000000000000000000e+00
0.000000000000000000e+00
0.000000000000000000e+00
0.000000000000000000e+00
0.000000000000000000e+00
0.000000000000000000e+00
0.000000000000000000e+00
0.000000000000000000e+00
0.000000000000000000e+00
0.000000000000000000e+00
0.000000000000000000e+00
0.000000000000000000e+00
0.000000000000000000e+00
0.000000000000000000e+00
0.000000000000000000e+00
0.000000000000000000e+00
0.000000000000000000e+00
0.000000000000000000e+00
0.000000000000000000e+00
0.000000000000000000e+00
0.000000000000000000e+00
0.000000000000000000e+00
0.000000000000000000e+00
0.000000000000000000e+00
0.000000000000000000e+00
0.000000000000000000e+00
0.000000000000000000e+00
0.000000000000000000e+00
0.000000000000000000e+00
0.000000000000000000e+00
0.000000000000000000e+00
0.000000000000000000e+00
0.000000000000000000e+00
0.000000000000000000e+00
0.000000000000000000e+00
0.000000000000000000e+00
0.000000000000000000e+00
0.000000000000000000e+00
0.000000000000000000e+00
0.000000000000000000e+00
0.000000000000000000e+00
0.000000000000000000e+00
0.000000000000000000e+00
0.000000000000000000e+00
0.000000000000000000e+00
0.000000000000000000e+00
0.000000000000000000e+00
0.000000000000000000e+00
0.000000000000000000e+00
0.000000000000000000e+00
0.000000000000000000e+00
0.000000000000000000e+00
0.000000000000000000e+00
0.000000000000000000e+00
0.000000000000000000e+00
0.000000000000000000e+00
0.000000000000000000e+00
0.000000000000000000e+00
0.000000000000000000e+00
0.000000000000000000e+00
0.000000000000000000e+00
0.000000000000000000e+00
0.000000000000000000e+00
0.000000000000000000e+00
0.000000000000000000e+00
0.000000000000000000e+00
0.000000000000000000e+00
0.000000000000000000e+00
0.000000000000000000e+00
0.000000000000000000e+00
0.000000000000000000e+00
0.000000000000000000e+00
0.000000000000000000e+00
0.000000000000000000e+00
0.000000000000000000e+00
0.000000000000000000e+00
0.000000000000000000e+00
0.000000000000000000e+00
0.000000000000000000e+00
0.000000000000000000e+00
0.000000000000000000e+00
0.000000000000000000e+00
0.000000000000000000e+00
0.000000000000000000e+00
0.000000000000000000e+00
0.000000000000000000e+00
0.000000000000000000e+00
0.000000000000000000e+00
0.000000000000000000e+00
0.000000000000000000e+00
0.000000000000000000e+00
0.000000000000000000e+00
0.000000000000000000e+00
0.000000000000000000e+00
0.000000000000000000e+00
0.000000000000000000e+00
0.000000000000000000e+00
0.000000000000000000e+00
0.000000000000000000e+00
0.000000000000000000e+00
0.000000000000000000e+00
0.000000000000000000e+00
0.000000000000000000e+00
0.000000000000000000e+00
0.000000000000000000e+00
0.000000000000000000e+00
0.000000000000000000e+00
0.000000000000000000e+00
0.000000000000000000e+00
0.000000000000000000e+00
0.000000000000000000e+00
0.000000000000000000e+00
0.000000000000000000e+00
0.000000000000000000e+00
0.000000000000000000e+00
0.000000000000000000e+00
0.000000000000000000e+00
0.000000000000000000e+00
0.000000000000000000e+00
0.000000000000000000e+00
0.000000000000000000e+00
0.000000000000000000e+00
0.000000000000000000e+00
0.000000000000000000e+00
0.000000000000000000e+00
0.000000000000000000e+00
0.000000000000000000e+00
0.000000000000000000e+00
0.000000000000000000e+00
0.000000000000000000e+00
0.000000000000000000e+00
0.000000000000000000e+00
0.000000000000000000e+00
0.000000000000000000e+00
0.000000000000000000e+00
0.000000000000000000e+00
0.000000000000000000e+00
0.000000000000000000e+00
0.000000000000000000e+00
0.000000000000000000e+00
0.000000000000000000e+00
0.000000000000000000e+00
0.000000000000000000e+00
0.000000000000000000e+00
0.000000000000000000e+00
0.000000000000000000e+00
0.000000000000000000e+00
0.000000000000000000e+00
0.000000000000000000e+00
0.000000000000000000e+00
0.000000000000000000e+00
0.000000000000000000e+00
0.000000000000000000e+00
0.000000000000000000e+00
0.000000000000000000e+00
0.000000000000000000e+00
0.000000000000000000e+00
0.000000000000000000e+00
0.000000000000000000e+00
0.000000000000000000e+00
0.000000000000000000e+00
0.000000000000000000e+00
0.000000000000000000e+00
0.000000000000000000e+00
0.000000000000000000e+00
0.000000000000000000e+00
0.000000000000000000e+00
0.000000000000000000e+00
0.000000000000000000e+00
0.000000000000000000e+00
0.000000000000000000e+00
0.000000000000000000e+00
0.000000000000000000e+00
0.000000000000000000e+00
0.000000000000000000e+00
0.000000000000000000e+00
0.000000000000000000e+00
0.000000000000000000e+00
0.000000000000000000e+00
0.000000000000000000e+00
0.000000000000000000e+00
0.000000000000000000e+00
0.000000000000000000e+00
0.000000000000000000e+00
0.000000000000000000e+00
0.000000000000000000e+00
0.000000000000000000e+00
0.000000000000000000e+00
0.000000000000000000e+00
0.000000000000000000e+00
0.000000000000000000e+00
0.000000000000000000e+00
0.000000000000000000e+00
0.000000000000000000e+00
0.000000000000000000e+00
0.000000000000000000e+00
0.000000000000000000e+00
0.000000000000000000e+00
0.000000000000000000e+00
0.000000000000000000e+00
0.000000000000000000e+00
0.000000000000000000e+00
0.000000000000000000e+00
0.000000000000000000e+00
0.000000000000000000e+00
0.000000000000000000e+00
0.000000000000000000e+00
0.000000000000000000e+00
0.000000000000000000e+00
0.000000000000000000e+00
0.000000000000000000e+00
0.000000000000000000e+00
0.000000000000000000e+00
0.000000000000000000e+00
0.000000000000000000e+00
0.000000000000000000e+00
0.000000000000000000e+00
0.000000000000000000e+00
0.000000000000000000e+00
0.000000000000000000e+00
0.000000000000000000e+00
0.000000000000000000e+00
0.000000000000000000e+00
0.000000000000000000e+00
0.000000000000000000e+00
0.000000000000000000e+00
0.000000000000000000e+00
0.000000000000000000e+00
0.000000000000000000e+00
0.000000000000000000e+00
0.000000000000000000e+00
0.000000000000000000e+00
0.000000000000000000e+00
0.000000000000000000e+00
0.000000000000000000e+00
0.000000000000000000e+00
0.000000000000000000e+00
0.000000000000000000e+00
0.000000000000000000e+00
0.000000000000000000e+00
0.000000000000000000e+00
0.000000000000000000e+00
0.000000000000000000e+00
0.000000000000000000e+00
0.000000000000000000e+00
0.000000000000000000e+00
0.000000000000000000e+00
0.000000000000000000e+00
0.000000000000000000e+00
0.000000000000000000e+00
0.000000000000000000e+00
0.000000000000000000e+00
0.000000000000000000e+00
0.000000000000000000e+00
0.000000000000000000e+00
0.000000000000000000e+00
0.000000000000000000e+00
0.000000000000000000e+00
0.000000000000000000e+00
0.000000000000000000e+00
0.000000000000000000e+00
0.000000000000000000e+00
0.000000000000000000e+00
0.000000000000000000e+00
0.000000000000000000e+00
0.000000000000000000e+00
0.000000000000000000e+00
0.000000000000000000e+00
0.000000000000000000e+00
0.000000000000000000e+00
0.000000000000000000e+00
0.000000000000000000e+00
0.000000000000000000e+00
0.000000000000000000e+00
0.000000000000000000e+00
0.000000000000000000e+00
0.000000000000000000e+00
0.000000000000000000e+00
0.000000000000000000e+00
0.000000000000000000e+00
0.000000000000000000e+00
0.000000000000000000e+00
0.000000000000000000e+00
0.000000000000000000e+00
0.000000000000000000e+00
0.000000000000000000e+00
0.000000000000000000e+00
0.000000000000000000e+00
0.000000000000000000e+00
0.000000000000000000e+00
0.000000000000000000e+00
0.000000000000000000e+00
0.000000000000000000e+00
0.000000000000000000e+00
0.000000000000000000e+00
0.000000000000000000e+00
0.000000000000000000e+00
0.000000000000000000e+00
0.000000000000000000e+00
0.000000000000000000e+00
0.000000000000000000e+00
0.000000000000000000e+00
0.000000000000000000e+00
0.000000000000000000e+00
0.000000000000000000e+00
0.000000000000000000e+00
0.000000000000000000e+00
0.000000000000000000e+00
0.000000000000000000e+00
0.000000000000000000e+00
0.000000000000000000e+00
0.000000000000000000e+00
0.000000000000000000e+00
0.000000000000000000e+00
0.000000000000000000e+00
0.000000000000000000e+00
0.000000000000000000e+00
0.000000000000000000e+00
0.000000000000000000e+00
0.000000000000000000e+00
0.000000000000000000e+00
0.000000000000000000e+00
0.000000000000000000e+00
0.000000000000000000e+00
0.000000000000000000e+00
0.000000000000000000e+00
0.000000000000000000e+00
0.000000000000000000e+00
0.000000000000000000e+00
0.000000000000000000e+00
0.000000000000000000e+00
0.000000000000000000e+00
0.000000000000000000e+00
0.000000000000000000e+00
0.000000000000000000e+00
0.000000000000000000e+00
0.000000000000000000e+00
0.000000000000000000e+00
0.000000000000000000e+00
0.000000000000000000e+00
0.000000000000000000e+00
0.000000000000000000e+00
0.000000000000000000e+00
0.000000000000000000e+00
0.000000000000000000e+00
0.000000000000000000e+00
0.000000000000000000e+00
0.000000000000000000e+00
0.000000000000000000e+00
0.000000000000000000e+00
0.000000000000000000e+00
0.000000000000000000e+00
0.000000000000000000e+00
0.000000000000000000e+00
0.000000000000000000e+00
0.000000000000000000e+00
0.000000000000000000e+00
0.000000000000000000e+00
0.000000000000000000e+00
0.000000000000000000e+00
0.000000000000000000e+00
0.000000000000000000e+00
0.000000000000000000e+00
0.000000000000000000e+00
0.000000000000000000e+00
0.000000000000000000e+00
0.000000000000000000e+00
0.000000000000000000e+00
0.000000000000000000e+00
0.000000000000000000e+00
0.000000000000000000e+00
0.000000000000000000e+00
0.000000000000000000e+00
0.000000000000000000e+00
0.000000000000000000e+00
0.000000000000000000e+00
0.000000000000000000e+00
0.000000000000000000e+00
0.000000000000000000e+00
0.000000000000000000e+00
0.000000000000000000e+00
0.000000000000000000e+00
0.000000000000000000e+00
0.000000000000000000e+00
0.000000000000000000e+00
0.000000000000000000e+00
0.000000000000000000e+00
0.000000000000000000e+00
0.000000000000000000e+00
0.000000000000000000e+00
0.000000000000000000e+00
0.000000000000000000e+00
0.000000000000000000e+00
0.000000000000000000e+00
0.000000000000000000e+00
0.000000000000000000e+00
0.000000000000000000e+00
0.000000000000000000e+00
0.000000000000000000e+00
0.000000000000000000e+00
0.000000000000000000e+00
0.000000000000000000e+00
0.000000000000000000e+00
0.000000000000000000e+00
0.000000000000000000e+00
0.000000000000000000e+00
0.000000000000000000e+00
0.000000000000000000e+00
0.000000000000000000e+00
0.000000000000000000e+00
0.000000000000000000e+00
0.000000000000000000e+00
0.000000000000000000e+00
0.000000000000000000e+00
0.000000000000000000e+00
0.000000000000000000e+00
0.000000000000000000e+00
0.000000000000000000e+00
0.000000000000000000e+00
0.000000000000000000e+00
0.000000000000000000e+00
0.000000000000000000e+00
0.000000000000000000e+00
0.000000000000000000e+00
0.000000000000000000e+00
0.000000000000000000e+00
0.000000000000000000e+00
0.000000000000000000e+00
0.000000000000000000e+00
0.000000000000000000e+00
0.000000000000000000e+00
0.000000000000000000e+00
0.000000000000000000e+00
0.000000000000000000e+00
0.000000000000000000e+00
0.000000000000000000e+00
0.000000000000000000e+00
0.000000000000000000e+00
0.000000000000000000e+00
0.000000000000000000e+00
0.000000000000000000e+00
0.000000000000000000e+00
0.000000000000000000e+00
0.000000000000000000e+00
0.000000000000000000e+00
0.000000000000000000e+00
0.000000000000000000e+00
0.000000000000000000e+00
0.000000000000000000e+00
0.000000000000000000e+00
0.000000000000000000e+00
0.000000000000000000e+00
0.000000000000000000e+00
0.000000000000000000e+00
0.000000000000000000e+00
0.000000000000000000e+00
0.000000000000000000e+00
0.000000000000000000e+00
0.000000000000000000e+00
0.000000000000000000e+00
0.000000000000000000e+00
0.000000000000000000e+00
0.000000000000000000e+00
0.000000000000000000e+00
0.000000000000000000e+00
0.000000000000000000e+00
0.000000000000000000e+00
0.000000000000000000e+00
0.000000000000000000e+00
0.000000000000000000e+00
0.000000000000000000e+00
0.000000000000000000e+00
0.000000000000000000e+00
0.000000000000000000e+00
0.000000000000000000e+00
0.000000000000000000e+00
0.000000000000000000e+00
0.000000000000000000e+00
0.000000000000000000e+00
0.000000000000000000e+00
0.000000000000000000e+00
0.000000000000000000e+00
0.000000000000000000e+00
0.000000000000000000e+00
0.000000000000000000e+00
0.000000000000000000e+00
0.000000000000000000e+00
0.000000000000000000e+00
0.000000000000000000e+00
0.000000000000000000e+00
0.000000000000000000e+00
0.000000000000000000e+00
0.000000000000000000e+00
0.000000000000000000e+00
0.000000000000000000e+00
0.000000000000000000e+00
0.000000000000000000e+00
0.000000000000000000e+00
0.000000000000000000e+00
0.000000000000000000e+00
0.000000000000000000e+00
0.000000000000000000e+00
0.000000000000000000e+00
0.000000000000000000e+00
0.000000000000000000e+00
0.000000000000000000e+00
0.000000000000000000e+00
0.000000000000000000e+00
0.000000000000000000e+00
0.000000000000000000e+00
0.000000000000000000e+00
0.000000000000000000e+00
0.000000000000000000e+00
0.000000000000000000e+00
0.000000000000000000e+00
0.000000000000000000e+00
0.000000000000000000e+00
0.000000000000000000e+00
0.000000000000000000e+00
0.000000000000000000e+00
0.000000000000000000e+00
0.000000000000000000e+00
0.000000000000000000e+00
0.000000000000000000e+00
0.000000000000000000e+00
0.000000000000000000e+00
0.000000000000000000e+00
0.000000000000000000e+00
0.000000000000000000e+00
0.000000000000000000e+00
0.000000000000000000e+00
0.000000000000000000e+00
0.000000000000000000e+00
0.000000000000000000e+00
0.000000000000000000e+00
0.000000000000000000e+00
0.000000000000000000e+00
0.000000000000000000e+00
0.000000000000000000e+00
0.000000000000000000e+00
0.000000000000000000e+00
0.000000000000000000e+00
0.000000000000000000e+00
0.000000000000000000e+00
0.000000000000000000e+00
0.000000000000000000e+00
0.000000000000000000e+00
0.000000000000000000e+00
0.000000000000000000e+00
0.000000000000000000e+00
0.000000000000000000e+00
0.000000000000000000e+00
0.000000000000000000e+00
0.000000000000000000e+00
0.000000000000000000e+00
0.000000000000000000e+00
0.000000000000000000e+00
0.000000000000000000e+00
0.000000000000000000e+00
0.000000000000000000e+00
0.000000000000000000e+00
0.000000000000000000e+00
0.000000000000000000e+00
0.000000000000000000e+00
0.000000000000000000e+00
0.000000000000000000e+00
0.000000000000000000e+00
0.000000000000000000e+00
0.000000000000000000e+00
0.000000000000000000e+00
0.000000000000000000e+00
0.000000000000000000e+00
0.000000000000000000e+00
0.000000000000000000e+00
0.000000000000000000e+00
0.000000000000000000e+00
0.000000000000000000e+00
0.000000000000000000e+00
0.000000000000000000e+00
0.000000000000000000e+00
0.000000000000000000e+00
0.000000000000000000e+00
0.000000000000000000e+00
0.000000000000000000e+00
0.000000000000000000e+00
0.000000000000000000e+00
0.000000000000000000e+00
0.000000000000000000e+00
0.000000000000000000e+00
0.000000000000000000e+00
0.000000000000000000e+00
0.000000000000000000e+00
0.000000000000000000e+00
0.000000000000000000e+00
0.000000000000000000e+00
0.000000000000000000e+00
0.000000000000000000e+00
0.000000000000000000e+00
0.000000000000000000e+00
0.000000000000000000e+00
0.000000000000000000e+00
0.000000000000000000e+00
0.000000000000000000e+00
0.000000000000000000e+00
0.000000000000000000e+00
0.000000000000000000e+00
0.000000000000000000e+00
0.000000000000000000e+00
0.000000000000000000e+00
0.000000000000000000e+00
0.000000000000000000e+00
0.000000000000000000e+00
0.000000000000000000e+00
0.000000000000000000e+00
0.000000000000000000e+00
0.000000000000000000e+00
0.000000000000000000e+00
0.000000000000000000e+00
0.000000000000000000e+00
0.000000000000000000e+00
0.000000000000000000e+00
0.000000000000000000e+00
0.000000000000000000e+00
0.000000000000000000e+00
0.000000000000000000e+00
0.000000000000000000e+00
0.000000000000000000e+00
0.000000000000000000e+00
0.000000000000000000e+00
0.000000000000000000e+00
0.000000000000000000e+00
0.000000000000000000e+00
0.000000000000000000e+00
0.000000000000000000e+00
0.000000000000000000e+00
0.000000000000000000e+00
0.000000000000000000e+00
0.000000000000000000e+00
0.000000000000000000e+00
0.000000000000000000e+00
0.000000000000000000e+00
0.000000000000000000e+00
0.000000000000000000e+00
0.000000000000000000e+00
0.000000000000000000e+00
0.000000000000000000e+00
0.000000000000000000e+00
0.000000000000000000e+00
0.000000000000000000e+00
0.000000000000000000e+00
0.000000000000000000e+00
0.000000000000000000e+00
0.000000000000000000e+00
0.000000000000000000e+00
0.000000000000000000e+00
0.000000000000000000e+00
0.000000000000000000e+00
0.000000000000000000e+00
0.000000000000000000e+00
0.000000000000000000e+00
0.000000000000000000e+00
0.000000000000000000e+00
0.000000000000000000e+00
0.000000000000000000e+00
0.000000000000000000e+00
0.000000000000000000e+00
0.000000000000000000e+00
0.000000000000000000e+00
0.000000000000000000e+00
0.000000000000000000e+00
0.000000000000000000e+00
0.000000000000000000e+00
0.000000000000000000e+00
0.000000000000000000e+00
0.000000000000000000e+00
0.000000000000000000e+00
0.000000000000000000e+00
0.000000000000000000e+00
0.000000000000000000e+00
0.000000000000000000e+00
0.000000000000000000e+00
0.000000000000000000e+00
0.000000000000000000e+00
0.000000000000000000e+00
0.000000000000000000e+00
0.000000000000000000e+00
0.000000000000000000e+00
0.000000000000000000e+00
0.000000000000000000e+00
0.000000000000000000e+00
0.000000000000000000e+00
0.000000000000000000e+00
0.000000000000000000e+00
0.000000000000000000e+00
0.000000000000000000e+00
0.000000000000000000e+00
0.000000000000000000e+00
0.000000000000000000e+00
0.000000000000000000e+00
0.000000000000000000e+00
0.000000000000000000e+00
0.000000000000000000e+00
0.000000000000000000e+00
0.000000000000000000e+00
0.000000000000000000e+00
0.000000000000000000e+00
0.000000000000000000e+00
0.000000000000000000e+00
0.000000000000000000e+00
0.000000000000000000e+00
0.000000000000000000e+00
0.000000000000000000e+00
0.000000000000000000e+00
0.000000000000000000e+00
0.000000000000000000e+00
0.000000000000000000e+00
0.000000000000000000e+00
0.000000000000000000e+00
0.000000000000000000e+00
0.000000000000000000e+00
0.000000000000000000e+00
0.000000000000000000e+00
0.000000000000000000e+00
0.000000000000000000e+00
0.000000000000000000e+00
0.000000000000000000e+00
0.000000000000000000e+00
0.000000000000000000e+00
0.000000000000000000e+00
0.000000000000000000e+00
0.000000000000000000e+00
0.000000000000000000e+00
0.000000000000000000e+00
0.000000000000000000e+00
0.000000000000000000e+00
0.000000000000000000e+00
0.000000000000000000e+00
0.000000000000000000e+00
0.000000000000000000e+00
0.000000000000000000e+00
0.000000000000000000e+00
0.000000000000000000e+00
0.000000000000000000e+00
0.000000000000000000e+00
0.000000000000000000e+00
0.000000000000000000e+00
0.000000000000000000e+00
0.000000000000000000e+00
0.000000000000000000e+00
0.000000000000000000e+00
0.000000000000000000e+00
0.000000000000000000e+00
0.000000000000000000e+00
0.000000000000000000e+00
0.000000000000000000e+00
0.000000000000000000e+00
0.000000000000000000e+00
0.000000000000000000e+00
0.000000000000000000e+00
0.000000000000000000e+00
0.000000000000000000e+00
0.000000000000000000e+00
0.000000000000000000e+00
0.000000000000000000e+00
0.000000000000000000e+00
0.000000000000000000e+00
0.000000000000000000e+00
0.000000000000000000e+00
0.000000000000000000e+00
0.000000000000000000e+00
0.000000000000000000e+00
0.000000000000000000e+00
0.000000000000000000e+00
