0.000000000000000000e+00
0.000000000000000000e+00
0.000000000000000000e+00
0.000000000000000000e+00
0.000000000000000000e+00
0.000000000000000000e+00
0.000000000000000000e+00
0.000000000000000000e+00
0.000000000000000000e+00
0.000000000000000000e+00
0.000000000000000000e+00
0.000000000000000000e+00
0.000000000000000000e+00
0.000000000000000000e+00
0.000000000000000000e+00
0.000000000000000000e+00
0.000000000000000000e+00
0.000000000000000000e+00
0.000000000000000000e+00
0.000000000000000000e+00
8.660254037844385966e-01
8.660254037844385966e-01
8.660254037844385966e-01
8.660254037844385966e-01
8.660254037844385966e-01
8.660254037844385966e-01
8.660254037844385966e-01
8.660254037844385966e-01
8.660254037844385966e-01
8.660254037844385966e-01
8.660254037844385966e-01
8.660254037844385966e-01
8.660254037844385966e-01
8.660254037844385966e-01
8.660254037844385966e-01
8.660254037844385966e-01
8.660254037844385966e-01
8.660254037844385966e-01
8.660254037844385966e-01
8.660254037844385966e-01
1.732050807568877193e+00
1.732050807568877193e+00
1.732050807568877193e+00
1.732050807568877193e+00
1.732050807568877193e+00
1.732050807568877193e+00
1.732050807568877193e+00
1.732050807568877193e+00
1.732050807568877193e+00
1.732050807568877193e+00
1.732050807568877193e+00
1.732050807568877193e+00
1.732050807568877193e+00
1.732050807568877193e+00
1.732050807568877193e+00
1.732050807568877193e+00
1.732050807568877193e+00
1.732050807568877193e+00
1.732050807568877193e+00
1.732050807568877193e+00
2.598076211353316012e+00
2.598076211353316012e+00
2.598076211353316012e+00
2.598076211353316012e+00
2.598076211353316012e+00
2.598076211353316012e+00
2.598076211353316012e+00
2.598076211353316012e+00
2.598076211353316012e+00
2.598076211353316012e+00
2.598076211353316012e+00
2.598076211353316012e+00
2.598076211353316012e+00
2.598076211353316012e+00
2.598076211353316012e+00
2.598076211353316012e+00
2.598076211353316012e+00
2.598076211353316012e+00
2.598076211353316012e+00
2.598076211353316012e+00
3.464101615137754386e+00
3.464101615137754386e+00
3.464101615137754386e+00
3.464101615137754386e+00
3.464101615137754386e+00
3.464101615137754386e+00
3.464101615137754386e+00
3.464101615137754386e+00
3.464101615137754386e+00
3.464101615137754386e+00
3.464101615137754386e+00
3.464101615137754386e+00
3.464101615137754386e+00
3.464101615137754386e+00
3.464101615137754386e+00
3.464101615137754386e+00
3.464101615137754386e+00
3.464101615137754386e+00
3.464101615137754386e+00
3.464101615137754386e+00
4.330127018922192761e+00
4.330127018922192761e+00
4.330127018922192761e+00
4.330127018922192761e+00
4.330127018922192761e+00
4.330127018922192761e+00
4.330127018922192761e+00
4.330127018922192761e+00
4.330127018922192761e+00
4.330127018922192761e+00
4.330127018922192761e+00
4.330127018922192761e+00
4.330127018922192761e+00
4.330127018922192761e+00
4.330127018922192761e+00
4.330127018922192761e+00
4.330127018922192761e+00
4.330127018922192761e+00
4.330127018922192761e+00
4.330127018922192761e+00
5.196152422706632024e+00
5.196152422706632024e+00
5.196152422706632024e+00
5.196152422706632024e+00
5.196152422706632024e+00
5.196152422706632024e+00
5.196152422706632024e+00
5.196152422706632024e+00
5.196152422706632024e+00
5.196152422706632024e+00
5.196152422706632024e+00
5.196152422706632024e+00
5.196152422706632024e+00
5.196152422706632024e+00
5.196152422706632024e+00
5.196152422706632024e+00
5.196152422706632024e+00
5.196152422706632024e+00
5.196152422706632024e+00
5.196152422706632024e+00
6.062177826491070398e+00
6.062177826491070398e+00
6.062177826491070398e+00
6.062177826491070398e+00
6.062177826491070398e+00
6.062177826491070398e+00
6.062177826491070398e+00
6.062177826491070398e+00
6.062177826491070398e+00
6.062177826491070398e+00
6.062177826491070398e+00
6.062177826491070398e+00
6.062177826491070398e+00
6.062177826491070398e+00
6.062177826491070398e+00
6.062177826491070398e+00
6.062177826491070398e+00
6.062177826491070398e+00
6.062177826491070398e+00
6.062177826491070398e+00
6.928203230275508773e+00
6.928203230275508773e+00
6.928203230275508773e+00
6.928203230275508773e+00
6.928203230275508773e+00
6.928203230275508773e+00
6.928203230275508773e+00
6.928203230275508773e+00
6.928203230275508773e+00
6.928203230275508773e+00
6.928203230275508773e+00
6.928203230275508773e+00
6.928203230275508773e+00
6.928203230275508773e+00
6.928203230275508773e+00
6.928203230275508773e+00
6.928203230275508773e+00
6.928203230275508773e+00
6.928203230275508773e+00
6.928203230275508773e+00
7.794228634059947147e+00
7.794228634059947147e+00
7.794228634059947147e+00
7.794228634059947147e+00
7.794228634059947147e+00
7.794228634059947147e+00
7.794228634059947147e+00
7.794228634059947147e+00
7.794228634059947147e+00
7.794228634059947147e+00
7.794228634059947147e+00
7.794228634059947147e+00
7.794228634059947147e+00
7.794228634059947147e+00
7.794228634059947147e+00
7.794228634059947147e+00
7.794228634059947147e+00
7.794228634059947147e+00
7.794228634059947147e+00
7.794228634059947147e+00
8.660254037844385522e+00
8.660254037844385522e+00
8.660254037844385522e+00
8.660254037844385522e+00
8.660254037844385522e+00
8.660254037844385522e+00
8.660254037844385522e+00
8.660254037844385522e+00
8.660254037844385522e+00
8.660254037844385522e+00
8.660254037844385522e+00
8.660254037844385522e+00
8.660254037844385522e+00
8.660254037844385522e+00
8.660254037844385522e+00
8.660254037844385522e+00
8.660254037844385522e+00
8.660254037844385522e+00
8.660254037844385522e+00
8.660254037844385522e+00
9.526279441628824785e+00
9.526279441628824785e+00
9.526279441628824785e+00
9.526279441628824785e+00
9.526279441628824785e+00
9.526279441628824785e+00
9.526279441628824785e+00
9.526279441628824785e+00
9.526279441628824785e+00
9.526279441628824785e+00
9.526279441628824785e+00
9.526279441628824785e+00
9.526279441628824785e+00
9.526279441628824785e+00
9.526279441628824785e+00
9.526279441628824785e+00
9.526279441628824785e+00
9.526279441628824785e+00
9.526279441628824785e+00
9.526279441628824785e+00
1.039230484541326405e+01
1.039230484541326405e+01
1.039230484541326405e+01
1.039230484541326405e+01
1.039230484541326405e+01
1.039230484541326405e+01
1.039230484541326405e+01
1.039230484541326405e+01
1.039230484541326405e+01
1.039230484541326405e+01
1.039230484541326405e+01
1.039230484541326405e+01
1.039230484541326405e+01
1.039230484541326405e+01
1.039230484541326405e+01
1.039230484541326405e+01
1.039230484541326405e+01
1.039230484541326405e+01
1.039230484541326405e+01
1.039230484541326405e+01
1.125833024919770153e+01
1.125833024919770153e+01
1.125833024919770153e+01
1.125833024919770153e+01
1.125833024919770153e+01
1.125833024919770153e+01
1.125833024919770153e+01
1.125833024919770153e+01
1.125833024919770153e+01
1.125833024919770153e+01
1.125833024919770153e+01
1.125833024919770153e+01
1.125833024919770153e+01
1.125833024919770153e+01
1.125833024919770153e+01
1.125833024919770153e+01
1.125833024919770153e+01
1.125833024919770153e+01
1.125833024919770153e+01
1.125833024919770153e+01
1.212435565298214080e+01
1.212435565298214080e+01
1.212435565298214080e+01
1.212435565298214080e+01
1.212435565298214080e+01
1.212435565298214080e+01
1.212435565298214080e+01
1.212435565298214080e+01
1.212435565298214080e+01
1.212435565298214080e+01
1.212435565298214080e+01
1.212435565298214080e+01
1.212435565298214080e+01
1.212435565298214080e+01
1.212435565298214080e+01
1.212435565298214080e+01
1.212435565298214080e+01
1.212435565298214080e+01
1.212435565298214080e+01
1.212435565298214080e+01
1.299038105676657828e+01
1.299038105676657828e+01
1.299038105676657828e+01
1.299038105676657828e+01
1.299038105676657828e+01
1.299038105676657828e+01
1.299038105676657828e+01
1.299038105676657828e+01
1.299038105676657828e+01
1.299038105676657828e+01
1.299038105676657828e+01
1.299038105676657828e+01
1.299038105676657828e+01
1.299038105676657828e+01
1.299038105676657828e+01
1.299038105676657828e+01
1.299038105676657828e+01
1.299038105676657828e+01
1.299038105676657828e+01
1.299038105676657828e+01
1.385640646055101755e+01
1.385640646055101755e+01
1.385640646055101755e+01
1.385640646055101755e+01
1.385640646055101755e+01
1.385640646055101755e+01
1.385640646055101755e+01
1.385640646055101755e+01
1.385640646055101755e+01
1.385640646055101755e+01
1.385640646055101755e+01
1.385640646055101755e+01
1.385640646055101755e+01
1.385640646055101755e+01
1.385640646055101755e+01
1.385640646055101755e+01
1.385640646055101755e+01
1.385640646055101755e+01
1.385640646055101755e+01
1.385640646055101755e+01
1.472243186433545681e+01
1.472243186433545681e+01
1.472243186433545681e+01
1.472243186433545681e+01
1.472243186433545681e+01
1.472243186433545681e+01
1.472243186433545681e+01
1.472243186433545681e+01
1.472243186433545681e+01
1.472243186433545681e+01
1.472243186433545681e+01
1.472243186433545681e+01
1.472243186433545681e+01
1.472243186433545681e+01
1.472243186433545681e+01
1.472243186433545681e+01
1.472243186433545681e+01
1.472243186433545681e+01
1.472243186433545681e+01
1.472243186433545681e+01
1.558845726811989429e+01
1.558845726811989429e+01
1.558845726811989429e+01
1.558845726811989429e+01
1.558845726811989429e+01
1.558845726811989429e+01
1.558845726811989429e+01
1.558845726811989429e+01
1.558845726811989429e+01
1.558845726811989429e+01
1.558845726811989429e+01
1.558845726811989429e+01
1.558845726811989429e+01
1.558845726811989429e+01
1.558845726811989429e+01
1.558845726811989429e+01
1.558845726811989429e+01
1.558845726811989429e+01
1.558845726811989429e+01
1.558845726811989429e+01
1.645448267190433356e+01
1.645448267190433356e+01
1.645448267190433356e+01
1.645448267190433356e+01
1.645448267190433356e+01
1.645448267190433356e+01
1.645448267190433356e+01
1.645448267190433356e+01
1.645448267190433356e+01
1.645448267190433356e+01
1.645448267190433356e+01
1.645448267190433356e+01
1.645448267190433356e+01
1.645448267190433356e+01
1.645448267190433356e+01
1.645448267190433356e+01
1.645448267190433356e+01
1.645448267190433356e+01
1.645448267190433356e+01
1.645448267190433356e+01
